0 1
0 2
0 3
0 6
0 9
0 10
0 12
0 13
0 14
0 16
0 18
0 19
0 22
0 23
0 24
0 26
0 27
0 30
0 31
0 33
0 38
0 39
0 40
0 41
0 48
0 50
0 57
0 58
0 59
0 60
0 66
0 70
0 71
0 72
0 73
0 75
0 78
0 80
0 81
0 82
0 88
0 89
0 90
0 93
0 96
0 109
0 113
0 115
0 117
0 121
0 128
0 132
0 135
0 140
0 149
0 151
0 153
0 165
0 169
0 182
0 193
0 196
0 206
0 210
0 214
0 242
0 245
0 251
0 260
0 267
0 274
0 279
0 289
0 303
0 304
0 319
0 327
0 333
0 344
0 347
0 363
0 392
0 396
0 405
0 410
0 457
0 517
0 534
0 610
0 635
0 650
0 659
0 696
1 6
1 7
1 9
1 13
1 14
1 15
1 16
1 17
1 18
1 23
1 25
1 32
1 33
1 34
1 38
1 41
1 44
1 45
1 47
1 48
1 50
1 54
1 59
1 60
1 64
1 66
1 70
1 73
1 74
1 78
1 86
1 94
1 107
1 110
1 115
1 117
1 118
1 121
1 128
1 138
1 141
1 142
1 149
1 151
1 153
1 155
1 157
1 158
1 174
1 180
1 181
1 182
1 183
1 188
1 206
1 210
1 225
1 239
1 272
1 280
1 327
1 341
1 381
1 423
1 434
1 435
1 468
1 469
1 476
1 477
1 478
1 556
1 576
1 643
2 3
2 6
2 8
2 9
2 12
2 13
2 14
2 16
2 17
2 18
2 19
2 20
2 23
2 26
2 30
2 31
2 32
2 33
2 34
2 39
2 41
2 42
2 43
2 44
2 47
2 48
2 50
2 54
2 55
2 60
2 64
2 66
2 69
2 70
2 71
2 72
2 73
2 74
2 75
2 78
2 80
2 81
2 82
2 83
2 84
2 92
2 93
2 94
2 96
2 105
2 106
2 107
2 108
2 109
2 113
2 115
2 119
2 121
2 125
2 127
2 128
2 131
2 132
2 133
2 138
2 139
2 141
2 149
2 151
2 153
2 155
2 158
2 163
2 165
2 167
2 168
2 169
2 173
2 176
2 182
2 195
2 196
2 202
2 207
2 213
2 220
2 225
2 233
2 240
2 242
2 243
2 247
2 268
2 274
2 289
2 291
2 298
2 319
2 321
2 327
2 338
2 339
2 344
2 345
2 364
2 388
2 414
2 423
2 442
2 443
2 458
2 470
2 507
2 508
2 545
2 556
2 567
2 585
2 599
2 600
2 633
2 634
2 644
2 645
2 686
2 714
3 6
3 7
3 8
3 9
3 10
3 12
3 13
3 14
3 16
3 17
3 18
3 19
3 20
3 21
3 22
3 23
3 24
3 28
3 29
3 30
3 33
3 34
3 37
3 38
3 39
3 40
3 41
3 42
3 43
3 44
3 45
3 47
3 48
3 50
3 52
3 54
3 56
3 57
3 58
3 60
3 64
3 67
3 68
3 69
3 70
3 71
3 72
3 73
3 74
3 75
3 76
3 78
3 82
3 83
3 84
3 89
3 90
3 92
3 93
3 94
3 96
3 100
3 104
3 106
3 109
3 113
3 114
3 115
3 116
3 117
3 121
3 124
3 125
3 127
3 128
3 129
3 131
3 132
3 133
3 141
3 149
3 151
3 153
3 155
3 158
3 159
3 165
3 168
3 169
3 172
3 179
3 180
3 182
3 190
3 191
3 192
3 193
3 195
3 198
3 202
3 205
3 206
3 210
3 214
3 219
3 221
3 222
3 223
3 224
3 225
3 226
3 233
3 234
3 235
3 236
3 242
3 248
3 250
3 251
3 274
3 277
3 280
3 289
3 291
3 299
3 319
3 322
3 337
3 344
3 349
3 366
3 367
3 392
3 413
3 421
3 423
3 451
3 458
3 491
3 506
3 517
3 534
3 539
3 551
3 559
3 565
3 573
3 574
3 575
3 609
3 610
3 613
3 614
3 619
3 631
3 635
3 666
3 677
3 678
3 703
4 5
4 9
4 31
4 48
4 78
4 128
4 149
4 154
4 187
4 234
4 240
4 309
4 327
6 7
6 8
6 9
6 10
6 11
6 13
6 14
6 16
6 17
6 19
6 22
6 23
6 24
6 26
6 28
6 29
6 30
6 31
6 32
6 33
6 34
6 38
6 39
6 40
6 41
6 42
6 43
6 44
6 45
6 47
6 48
6 50
6 54
6 57
6 60
6 64
6 68
6 70
6 72
6 73
6 75
6 78
6 80
6 82
6 83
6 84
6 86
6 87
6 89
6 93
6 94
6 103
6 106
6 108
6 109
6 110
6 113
6 115
6 117
6 118
6 121
6 125
6 127
6 128
6 129
6 132
6 133
6 137
6 138
6 139
6 141
6 142
6 143
6 149
6 151
6 153
6 154
6 158
6 159
6 163
6 164
6 166
6 169
6 175
6 180
6 182
6 185
6 186
6 187
6 188
6 190
6 196
6 202
6 207
6 213
6 225
6 233
6 280
6 291
6 299
6 300
6 301
6 363
6 378
6 393
6 450
6 487
6 491
6 496
6 497
6 498
6 506
6 510
6 543
6 553
6 579
6 588
6 633
6 634
6 701
6 711
6 712
7 8
7 9
7 10
7 11
7 14
7 21
7 42
7 44
7 48
7 72
7 115
7 133
7 149
7 158
7 182
7 196
7 450
7 491
7 551
8 9
8 10
8 11
8 13
8 14
8 16
8 19
8 20
8 21
8 23
8 25
8 27
8 34
8 39
8 44
8 48
8 50
8 52
8 57
8 58
8 60
8 62
8 64
8 71
8 80
8 81
8 82
8 83
8 84
8 86
8 89
8 93
8 94
8 96
8 106
8 109
8 110
8 113
8 115
8 119
8 127
8 135
8 141
8 149
8 151
8 152
8 155
8 157
8 162
8 165
8 182
8 187
8 188
8 196
8 207
8 213
8 225
8 233
8 251
8 258
8 259
8 260
8 283
8 284
8 289
8 311
8 323
8 327
8 330
8 340
8 345
8 376
8 377
8 383
8 424
8 485
8 542
8 581
8 582
8 639
8 707
8 708
9 10
9 11
9 13
9 14
9 15
9 16
9 17
9 18
9 20
9 21
9 22
9 23
9 24
9 26
9 28
9 29
9 30
9 31
9 32
9 33
9 34
9 38
9 39
9 41
9 42
9 43
9 44
9 47
9 48
9 49
9 50
9 51
9 52
9 53
9 54
9 57
9 58
9 60
9 62
9 66
9 68
9 70
9 71
9 73
9 74
9 75
9 78
9 79
9 82
9 83
9 84
9 86
9 89
9 93
9 94
9 101
9 106
9 108
9 109
9 114
9 115
9 121
9 125
9 127
9 128
9 129
9 131
9 133
9 135
9 139
9 143
9 149
9 151
9 153
9 155
9 157
9 159
9 162
9 163
9 166
9 168
9 169
9 171
9 182
9 184
9 190
9 195
9 196
9 198
9 202
9 206
9 207
9 219
9 224
9 225
9 226
9 233
9 234
9 246
9 251
9 266
9 270
9 274
9 275
9 276
9 277
9 289
9 294
9 310
9 344
9 354
9 355
9 356
9 386
9 405
9 476
9 477
9 478
9 486
9 487
9 492
9 549
9 553
9 563
9 565
9 594
9 633
9 634
9 664
9 709
9 710
10 11
10 16
10 23
10 26
10 28
10 30
10 33
10 37
10 39
10 41
10 42
10 43
10 47
10 48
10 50
10 55
10 59
10 60
10 69
10 71
10 75
10 78
10 79
10 81
10 82
10 89
10 93
10 94
10 96
10 100
10 106
10 107
10 109
10 114
10 115
10 116
10 117
10 122
10 125
10 127
10 128
10 131
10 136
10 139
10 149
10 151
10 155
10 182
10 188
10 195
10 202
10 203
10 210
10 225
10 227
10 243
10 251
10 274
10 328
10 362
10 363
10 374
10 392
10 400
10 401
10 425
10 434
10 475
10 492
10 506
10 533
10 572
10 620
10 621
10 622
11 12
11 14
11 16
11 19
11 27
11 29
11 32
11 33
11 38
11 42
11 43
11 45
11 46
11 47
11 50
11 54
11 60
11 66
11 73
11 74
11 75
11 78
11 80
11 81
11 86
11 89
11 94
11 108
11 109
11 110
11 117
11 121
11 129
11 139
11 141
11 142
11 143
11 149
11 151
11 153
11 154
11 155
11 156
11 165
11 171
11 188
11 225
11 342
11 343
11 347
11 411
11 412
11 603
11 651
11 688
11 700
12 13
12 14
12 15
12 17
12 18
12 21
12 32
12 38
12 39
12 41
12 42
12 44
12 47
12 48
12 54
12 64
12 66
12 72
12 80
12 81
12 83
12 84
12 106
12 109
12 115
12 121
12 124
12 125
12 132
12 143
12 151
12 153
12 157
12 159
12 196
12 202
12 204
12 205
12 206
12 233
12 234
12 273
12 343
12 423
12 470
12 615
12 616
13 14
13 15
13 16
13 17
13 18
13 19
13 21
13 23
13 25
13 26
13 28
13 30
13 31
13 32
13 33
13 34
13 37
13 39
13 41
13 43
13 44
13 45
13 46
13 47
13 48
13 50
13 54
13 55
13 57
13 58
13 60
13 64
13 66
13 68
13 71
13 73
13 74
13 75
13 78
13 80
13 81
13 82
13 83
13 89
13 90
13 94
13 96
13 104
13 106
13 109
13 113
13 115
13 117
13 118
13 121
13 125
13 128
13 132
13 133
13 135
13 137
13 139
13 141
13 142
13 146
13 147
13 149
13 153
13 157
13 158
13 159
13 163
13 165
13 168
13 171
13 173
13 175
13 180
13 181
13 182
13 188
13 190
13 195
13 196
13 202
13 206
13 211
13 212
13 213
13 225
13 232
13 239
13 242
13 257
13 260
13 266
13 274
13 275
13 276
13 277
13 280
13 289
13 291
13 292
13 298
13 299
13 313
13 338
13 339
13 347
13 360
13 378
13 383
13 384
13 393
13 405
13 418
13 426
13 427
13 445
13 449
13 539
13 540
13 541
13 546
13 547
13 559
13 570
13 585
13 603
13 623
13 624
13 625
13 627
13 644
14 15
14 16
14 17
14 18
14 19
14 20
14 21
14 23
14 24
14 25
14 28
14 29
14 30
14 32
14 33
14 34
14 38
14 41
14 42
14 43
14 44
14 45
14 47
14 48
14 50
14 51
14 52
14 53
14 54
14 56
14 57
14 58
14 59
14 60
14 62
14 64
14 68
14 70
14 71
14 73
14 74
14 75
14 78
14 82
14 83
14 84
14 89
14 90
14 92
14 93
14 94
14 96
14 104
14 108
14 109
14 110
14 113
14 115
14 117
14 119
14 120
14 121
14 124
14 125
14 128
14 131
14 132
14 133
14 135
14 138
14 139
14 141
14 147
14 149
14 153
14 155
14 158
14 159
14 160
14 162
14 163
14 165
14 166
14 167
14 168
14 169
14 171
14 172
14 173
14 182
14 193
14 196
14 202
14 203
14 204
14 206
14 210
14 213
14 221
14 225
14 227
14 232
14 233
14 234
14 236
14 247
14 251
14 253
14 254
14 268
14 272
14 274
14 277
14 289
14 310
14 312
14 322
14 328
14 331
14 337
14 344
14 345
14 347
14 357
14 359
14 400
14 413
14 414
14 415
14 428
14 443
14 445
14 450
14 455
14 467
14 491
14 506
14 513
14 517
14 518
14 533
14 538
14 551
14 559
14 571
14 583
14 587
14 609
14 617
14 626
14 665
14 676
14 690
15 20
15 21
15 23
15 25
15 26
15 27
15 31
15 32
15 40
15 43
15 45
15 48
15 57
15 64
15 75
15 82
15 87
15 89
15 94
15 115
15 121
15 143
15 149
15 154
15 159
15 162
15 168
15 177
15 188
15 203
15 207
15 221
15 310
15 336
15 337
15 398
15 429
15 490
15 502
15 503
15 511
15 512
15 517
15 586
16 17
16 20
16 21
16 22
16 23
16 24
16 26
16 29
16 30
16 31
16 32
16 33
16 34
16 38
16 39
16 41
16 43
16 44
16 45
16 47
16 48
16 50
16 54
16 58
16 59
16 60
16 64
16 68
16 71
16 74
16 77
16 80
16 81
16 82
16 84
16 86
16 88
16 89
16 90
16 91
16 92
16 93
16 94
16 106
16 110
16 113
16 115
16 117
16 120
16 121
16 122
16 123
16 125
16 127
16 128
16 131
16 132
16 136
16 139
16 141
16 149
16 153
16 158
16 160
16 162
16 165
16 166
16 171
16 172
16 179
16 180
16 182
16 187
16 188
16 189
16 190
16 195
16 198
16 202
16 207
16 210
16 213
16 214
16 221
16 222
16 223
16 224
16 225
16 227
16 242
16 245
16 257
16 263
16 268
16 283
16 284
16 289
16 290
16 291
16 292
16 299
16 327
16 338
16 339
16 350
16 363
16 386
16 390
16 393
16 401
16 423
16 425
16 426
16 427
16 468
16 469
16 534
16 544
16 559
16 596
16 618
16 631
16 652
16 715
17 18
17 20
17 21
17 22
17 23
17 24
17 25
17 29
17 32
17 33
17 35
17 36
17 37
17 38
17 39
17 40
17 41
17 42
17 43
17 44
17 45
17 47
17 49
17 54
17 57
17 58
17 59
17 60
17 64
17 66
17 68
17 80
17 81
17 82
17 90
17 92
17 93
17 94
17 96
17 100
17 106
17 110
17 113
17 114
17 115
17 132
17 135
17 139
17 141
17 147
17 149
17 151
17 153
17 158
17 163
17 171
17 179
17 182
17 188
17 198
17 202
17 210
17 218
17 225
17 233
17 239
17 240
17 251
17 274
17 288
17 289
17 291
17 299
17 310
17 337
17 364
17 369
17 393
17 423
17 426
17 427
17 430
17 436
17 451
17 454
17 470
17 500
17 562
17 585
17 603
17 654
17 655
17 666
17 673
17 674
18 23
18 24
18 30
18 34
18 39
18 41
18 48
18 50
18 52
18 58
18 60
18 64
18 66
18 73
18 75
18 78
18 82
18 84
18 94
18 96
18 107
18 109
18 110
18 113
18 115
18 117
18 118
18 121
18 125
18 129
18 133
18 135
18 141
18 147
18 149
18 153
18 155
18 163
18 165
18 169
18 182
18 187
18 196
18 227
18 240
18 247
18 251
18 289
18 360
18 363
18 414
18 613
18 614
18 626
18 673
18 674
18 681
19 20
19 21
19 22
19 23
19 24
19 25
19 26
19 34
19 39
19 42
19 43
19 44
19 45
19 47
19 48
19 50
19 54
19 57
19 60
19 64
19 66
19 68
19 75
19 80
19 82
19 83
19 89
19 92
19 96
19 115
19 117
19 131
19 135
19 141
19 143
19 149
19 151
19 153
19 165
19 169
19 193
19 214
19 233
19 267
19 298
19 311
19 313
19 314
19 320
19 349
19 376
19 377
19 411
19 412
19 415
19 418
19 456
19 540
19 599
19 600
20 21
20 22
20 23
20 24
20 25
20 29
20 31
20 32
20 35
20 36
20 37
20 38
20 39
20 40
20 42
20 43
20 44
20 45
20 48
20 50
20 52
20 56
20 57
20 59
20 60
20 62
20 64
20 69
20 72
20 75
20 96
20 107
20 109
20 113
20 117
20 121
20 125
20 128
20 129
20 132
20 135
20 136
20 137
20 139
20 149
20 151
20 153
20 155
20 158
20 163
20 171
20 173
20 176
20 217
20 225
20 233
20 236
20 268
20 289
20 295
20 296
20 297
20 298
20 310
20 347
20 359
20 385
20 429
20 592
20 594
20 626
21 22
21 23
21 25
21 26
21 28
21 29
21 30
21 31
21 32
21 34
21 37
21 38
21 39
21 41
21 42
21 43
21 44
21 47
21 48
21 49
21 50
21 52
21 54
21 57
21 58
21 59
21 60
21 63
21 64
21 66
21 68
21 72
21 74
21 78
21 80
21 81
21 82
21 88
21 92
21 93
21 94
21 104
21 108
21 109
21 110
21 112
21 113
21 115
21 120
21 125
21 128
21 135
21 139
21 143
21 149
21 151
21 152
21 153
21 154
21 157
21 158
21 160
21 162
21 164
21 165
21 169
21 171
21 182
21 185
21 196
21 213
21 225
21 243
21 251
21 252
21 268
21 279
21 280
21 296
21 342
21 345
21 348
21 363
21 365
21 381
21 413
21 436
21 464
21 479
21 480
21 481
21 482
21 510
21 540
21 546
21 547
21 551
21 569
21 588
21 632
21 649
21 658
21 707
21 708
22 23
22 24
22 25
22 31
22 32
22 39
22 44
22 47
22 48
22 50
22 52
22 57
22 60
22 66
22 69
22 70
22 78
22 80
22 81
22 82
22 93
22 94
22 96
22 115
22 121
22 125
22 141
22 149
22 182
22 188
22 195
22 196
22 214
22 225
22 230
22 233
22 267
22 291
22 315
22 372
22 373
23 25
23 26
23 30
23 31
23 33
23 34
23 38
23 39
23 41
23 42
23 43
23 44
23 45
23 46
23 47
23 48
23 49
23 50
23 52
23 54
23 55
23 57
23 59
23 60
23 62
23 64
23 66
23 68
23 70
23 71
23 72
23 74
23 75
23 76
23 77
23 78
23 79
23 80
23 82
23 83
23 84
23 86
23 87
23 89
23 92
23 94
23 96
23 97
23 100
23 103
23 104
23 106
23 108
23 109
23 110
23 111
23 113
23 115
23 117
23 118
23 120
23 121
23 124
23 125
23 128
23 132
23 133
23 135
23 138
23 139
23 141
23 142
23 143
23 144
23 145
23 147
23 149
23 153
23 154
23 157
23 158
23 162
23 163
23 166
23 168
23 169
23 179
23 180
23 182
23 187
23 188
23 195
23 203
23 206
23 222
23 225
23 233
23 236
23 239
23 240
23 241
23 242
23 246
23 247
23 251
23 274
23 286
23 287
23 289
23 298
23 300
23 301
23 320
23 323
23 325
23 326
23 328
23 337
23 344
23 348
23 349
23 360
23 363
23 367
23 414
23 431
23 436
23 438
23 461
23 475
23 492
23 493
23 496
23 497
23 498
23 502
23 503
23 529
23 530
23 542
23 552
23 583
23 603
23 620
23 621
23 622
23 629
23 632
23 652
23 666
23 677
23 678
23 685
24 25
24 26
24 27
24 31
24 34
24 39
24 41
24 42
24 48
24 50
24 52
24 57
24 59
24 60
24 66
24 68
24 69
24 71
24 74
24 78
24 80
24 82
24 89
24 92
24 94
24 96
24 97
24 99
24 103
24 110
24 113
24 115
24 121
24 125
24 128
24 135
24 139
24 147
24 172
24 184
24 188
24 203
24 207
24 213
24 214
24 215
24 225
24 229
24 233
24 244
24 251
24 267
24 289
24 347
24 375
24 385
24 441
24 452
24 489
24 501
24 514
24 515
24 519
24 595
24 701
25 26
25 27
25 30
25 32
25 33
25 45
25 47
25 48
25 57
25 60
25 75
25 80
25 81
25 83
25 94
25 96
25 106
25 115
25 118
25 120
25 125
25 132
25 151
25 158
25 165
25 182
25 185
25 207
25 208
25 233
25 291
25 359
25 376
25 377
25 572
25 586
25 626
25 648
25 658
25 671
26 27
26 29
26 31
26 32
26 34
26 38
26 39
26 41
26 42
26 44
26 47
26 48
26 49
26 52
26 55
26 57
26 59
26 60
26 64
26 71
26 74
26 82
26 83
26 84
26 88
26 89
26 93
26 94
26 96
26 107
26 113
26 115
26 117
26 118
26 125
26 128
26 138
26 149
26 153
26 159
26 181
26 182
26 185
26 188
26 192
26 196
26 203
26 225
26 313
26 336
26 347
26 378
26 425
26 577
26 588
26 652
27 28
27 34
27 40
27 43
27 44
27 45
27 48
27 50
27 84
27 86
27 109
27 135
27 142
27 143
27 151
27 153
27 154
27 155
27 156
27 169
27 177
27 188
27 340
27 411
27 413
27 457
27 639
28 29
28 30
28 31
28 32
28 34
28 44
28 47
28 48
28 50
28 52
28 56
28 57
28 60
28 68
28 75
28 83
28 84
28 96
28 109
28 113
28 125
28 135
28 139
28 140
28 143
28 149
28 165
28 195
28 203
28 207
28 289
28 421
28 529
29 30
29 31
29 32
29 33
29 39
29 41
29 42
29 43
29 45
29 47
29 48
29 50
29 52
29 57
29 60
29 66
29 69
29 70
29 71
29 72
29 73
29 74
29 75
29 76
29 82
29 83
29 86
29 91
29 93
29 96
29 103
29 109
29 113
29 115
29 116
29 121
29 125
29 128
29 129
29 138
29 140
29 142
29 143
29 149
29 154
29 159
29 162
29 163
29 176
29 182
29 187
29 188
29 191
29 196
29 206
29 207
29 247
29 289
29 295
29 296
29 297
29 298
29 347
29 425
29 430
29 448
29 455
29 463
29 464
29 486
29 487
29 594
29 679
29 692
30 31
30 32
30 34
30 38
30 43
30 45
30 47
30 48
30 53
30 55
30 60
30 68
30 73
30 74
30 79
30 81
30 90
30 106
30 108
30 109
30 113
30 115
30 119
30 125
30 126
30 127
30 129
30 138
30 139
30 141
30 151
30 153
30 154
30 163
30 182
30 188
30 196
30 210
30 213
30 225
30 280
30 285
30 298
30 328
30 338
30 339
30 362
30 363
30 390
30 443
30 516
30 534
30 580
30 648
31 32
31 33
31 34
31 41
31 43
31 47
31 50
31 52
31 54
31 57
31 60
31 64
31 66
31 80
31 82
31 89
31 93
31 110
31 113
31 115
31 125
31 132
31 136
31 149
31 154
31 163
31 166
31 176
31 180
31 182
31 187
31 195
31 207
31 225
31 234
31 240
31 274
31 289
31 291
31 292
31 303
31 309
31 325
31 326
31 327
31 368
31 371
31 402
31 441
31 489
32 33
32 34
32 38
32 41
32 42
32 47
32 48
32 50
32 55
32 57
32 58
32 59
32 66
32 80
32 81
32 82
32 88
32 89
32 90
32 93
32 94
32 96
32 108
32 109
32 110
32 113
32 115
32 124
32 125
32 128
32 132
32 138
32 141
32 143
32 149
32 151
32 153
32 159
32 169
32 181
32 188
32 191
32 196
32 198
32 203
32 211
32 212
32 213
32 221
32 225
32 227
32 233
32 240
32 242
32 273
32 277
32 295
32 296
32 297
32 298
32 309
32 315
32 343
32 370
32 376
32 380
32 394
32 415
32 455
32 468
32 469
32 511
32 512
32 554
32 633
32 634
32 712
33 34
33 38
33 39
33 40
33 43
33 45
33 46
33 47
33 48
33 50
33 52
33 54
33 57
33 58
33 60
33 62
33 64
33 68
33 70
33 71
33 74
33 75
33 78
33 80
33 81
33 89
33 90
33 91
33 93
33 94
33 96
33 100
33 106
33 109
33 115
33 117
33 121
33 125
33 136
33 138
33 139
33 141
33 143
33 149
33 151
33 153
33 159
33 162
33 163
33 165
33 179
33 182
33 188
33 195
33 206
33 209
33 225
33 274
33 275
33 276
33 277
33 296
33 325
33 326
33 327
33 347
33 379
33 396
33 400
33 422
33 423
33 425
33 450
33 492
33 575
33 585
33 624
33 625
33 677
33 678
33 689
34 38
34 39
34 41
34 43
34 44
34 47
34 48
34 50
34 52
34 55
34 57
34 58
34 60
34 64
34 68
34 69
34 70
34 71
34 73
34 74
34 78
34 80
34 82
34 83
34 84
34 86
34 92
34 93
34 94
34 96
34 103
34 106
34 109
34 110
34 113
34 115
34 117
34 118
34 119
34 120
34 125
34 127
34 128
34 132
34 139
34 141
34 143
34 146
34 147
34 148
34 149
34 150
34 151
34 153
34 155
34 157
34 159
34 162
34 163
34 168
34 171
34 182
34 187
34 190
34 191
34 202
34 207
34 211
34 212
34 213
34 225
34 229
34 236
34 237
34 238
34 240
34 242
34 244
34 251
34 263
34 291
34 296
34 307
34 313
34 325
34 339
34 345
34 349
34 365
34 377
34 378
34 379
34 383
34 390
34 397
34 402
34 565
34 566
34 604
34 639
34 649
34 652
34 656
34 668
34 713
35 36
35 37
35 38
35 39
35 40
36 37
36 38
36 39
36 40
36 41
36 58
36 78
36 413
37 38
37 39
37 40
37 43
37 114
37 115
37 116
37 117
37 125
37 151
37 546
37 547
38 39
38 40
38 41
38 42
38 43
38 44
38 45
38 47
38 48
38 49
38 50
38 57
38 60
38 64
38 66
38 74
38 77
38 80
38 82
38 89
38 90
38 94
38 103
38 104
38 115
38 117
38 127
38 128
38 139
38 141
38 149
38 151
38 153
38 158
38 159
38 160
38 172
38 182
38 187
38 196
38 202
38 204
38 206
38 207
38 210
38 225
38 236
38 268
38 273
38 299
38 319
38 331
38 342
38 343
38 363
38 371
38 408
38 410
38 414
38 460
38 499
38 522
38 523
38 534
38 551
38 590
38 607
38 652
38 715
39 40
39 42
39 43
39 44
39 45
39 47
39 48
39 50
39 54
39 55
39 57
39 58
39 59
39 60
39 63
39 64
39 66
39 68
39 71
39 74
39 75
39 78
39 80
39 82
39 83
39 84
39 89
39 92
39 94
39 96
39 100
39 103
39 106
39 109
39 113
39 115
39 119
39 120
39 121
39 122
39 124
39 125
39 127
39 129
39 131
39 132
39 133
39 135
39 139
39 142
39 147
39 149
39 151
39 152
39 153
39 159
39 169
39 171
39 178
39 182
39 184
39 188
39 189
39 190
39 191
39 192
39 195
39 202
39 207
39 210
39 225
39 230
39 234
39 240
39 243
39 251
39 258
39 260
39 266
39 279
39 283
39 310
39 319
39 345
39 347
39 364
39 405
39 418
39 423
39 437
39 442
39 443
39 446
39 451
39 452
39 464
39 486
39 487
39 508
39 569
39 579
39 594
39 624
39 625
39 628
39 656
39 685
40 43
40 45
40 57
40 81
40 82
40 84
40 100
40 115
40 125
40 127
40 135
40 154
40 162
40 163
40 165
40 167
40 169
40 177
40 198
40 202
40 210
40 279
40 347
40 355
41 42
41 43
41 44
41 45
41 47
41 48
41 50
41 51
41 52
41 57
41 58
41 59
41 60
41 64
41 68
41 70
41 72
41 78
41 80
41 82
41 83
41 84
41 86
41 89
41 93
41 94
41 96
41 104
41 106
41 108
41 113
41 115
41 121
41 125
41 127
41 128
41 131
41 132
41 138
41 139
41 141
41 147
41 149
41 151
41 153
41 155
41 157
41 158
41 159
41 163
41 166
41 168
41 169
41 172
41 173
41 182
41 190
41 196
41 202
41 205
41 206
41 207
41 225
41 233
41 251
41 298
41 299
41 303
41 304
41 329
41 330
41 331
41 356
41 363
41 410
41 413
41 436
41 448
41 449
41 506
41 565
41 588
41 597
41 598
42 44
42 45
42 47
42 48
42 54
42 57
42 59
42 70
42 72
42 73
42 75
42 76
42 81
42 82
42 83
42 84
42 86
42 89
42 93
42 94
42 96
42 103
42 109
42 113
42 115
42 117
42 125
42 127
42 132
42 139
42 143
42 146
42 149
42 153
42 154
42 163
42 203
42 207
42 213
42 214
42 215
42 217
42 220
42 225
42 236
42 280
42 347
42 372
42 378
42 385
42 411
42 412
42 438
42 439
42 440
42 551
42 629
42 633
42 634
42 640
42 641
43 44
43 45
43 47
43 48
43 50
43 54
43 56
43 57
43 60
43 64
43 68
43 70
43 71
43 73
43 75
43 77
43 82
43 86
43 92
43 93
43 94
43 96
43 100
43 103
43 104
43 106
43 108
43 113
43 114
43 115
43 116
43 117
43 125
43 128
43 129
43 131
43 132
43 139
43 141
43 144
43 146
43 147
43 148
43 149
43 150
43 151
43 153
43 154
43 155
43 162
43 177
43 182
43 187
43 190
43 191
43 192
43 202
43 212
43 225
43 233
43 242
43 247
43 280
43 289
43 298
43 333
43 345
43 359
43 399
43 444
43 446
43 464
43 487
43 585
43 590
43 599
43 600
43 704
44 45
44 47
44 48
44 49
44 50
44 55
44 56
44 57
44 60
44 64
44 65
44 66
44 67
44 68
44 70
44 71
44 72
44 74
44 80
44 82
44 83
44 84
44 86
44 89
44 90
44 92
44 94
44 109
44 110
44 113
44 115
44 117
44 119
44 121
44 127
44 129
44 132
44 139
44 141
44 143
44 149
44 151
44 153
44 155
44 158
44 160
44 163
44 168
44 171
44 179
44 182
44 187
44 191
44 195
44 196
44 198
44 206
44 207
44 216
44 225
44 233
44 234
44 242
44 253
44 268
44 310
44 337
44 345
44 349
44 361
44 377
44 383
44 471
44 551
44 606
44 617
44 668
44 669
44 705
44 706
44 715
45 46
45 47
45 48
45 50
45 52
45 57
45 59
45 60
45 64
45 70
45 73
45 75
45 78
45 80
45 82
45 83
45 89
45 94
45 96
45 103
45 107
45 108
45 109
45 113
45 115
45 121
45 125
45 128
45 132
45 135
45 139
45 141
45 149
45 153
45 158
45 159
45 162
45 163
45 182
45 187
45 188
45 190
45 191
45 193
45 198
45 207
45 213
45 216
45 221
45 222
45 223
45 224
45 225
45 233
45 247
45 251
45 268
45 272
45 274
45 310
45 359
45 396
45 411
45 450
45 506
45 533
45 562
45 626
46 47
46 60
46 149
46 160
46 363
47 48
47 52
47 54
47 56
47 57
47 58
47 59
47 60
47 62
47 64
47 68
47 69
47 70
47 71
47 72
47 73
47 75
47 80
47 81
47 82
47 83
47 84
47 86
47 89
47 90
47 91
47 92
47 93
47 94
47 100
47 106
47 108
47 115
47 121
47 124
47 125
47 126
47 127
47 128
47 129
47 130
47 132
47 135
47 136
47 138
47 139
47 141
47 142
47 143
47 149
47 155
47 158
47 159
47 162
47 163
47 166
47 169
47 174
47 176
47 182
47 187
47 188
47 195
47 196
47 202
47 207
47 225
47 255
47 274
47 289
47 290
47 296
47 315
47 319
47 340
47 341
47 363
47 387
47 417
47 425
47 434
47 435
47 439
47 440
47 447
47 451
47 452
47 492
47 529
47 541
47 559
47 585
47 601
47 602
47 631
47 632
47 657
47 664
47 671
47 679
47 684
47 702
48 49
48 50
48 51
48 52
48 53
48 54
48 55
48 57
48 58
48 59
48 60
48 64
48 65
48 66
48 67
48 68
48 70
48 71
48 72
48 73
48 75
48 78
48 80
48 81
48 82
48 83
48 86
48 89
48 90
48 91
48 92
48 93
48 94
48 96
48 100
48 106
48 107
48 108
48 109
48 110
48 113
48 115
48 117
48 119
48 121
48 125
48 127
48 128
48 132
48 133
48 136
48 140
48 142
48 143
48 144
48 146
48 149
48 151
48 153
48 154
48 155
48 159
48 166
48 168
48 169
48 172
48 182
48 187
48 188
48 189
48 190
48 192
48 195
48 196
48 202
48 203
48 210
48 212
48 213
48 214
48 216
48 221
48 222
48 223
48 224
48 225
48 227
48 228
48 229
48 233
48 234
48 236
48 239
48 240
48 243
48 246
48 250
48 260
48 268
48 277
48 286
48 287
48 307
48 310
48 313
48 314
48 327
48 336
48 337
48 339
48 347
48 348
48 372
48 373
48 388
48 397
48 401
48 405
48 406
48 415
48 425
48 432
48 433
48 446
48 454
48 517
48 534
48 551
48 568
48 589
48 614
48 619
48 686
48 707
48 708
49 50
49 80
49 92
49 109
49 135
49 291
49 423
49 436
50 52
50 55
50 56
50 57
50 60
50 64
50 68
50 71
50 72
50 73
50 74
50 75
50 77
50 78
50 80
50 81
50 82
50 84
50 87
50 88
50 92
50 93
50 94
50 103
50 104
50 106
50 108
50 110
50 113
50 115
50 117
50 118
50 120
50 121
50 125
50 127
50 128
50 129
50 132
50 133
50 139
50 141
50 142
50 144
50 147
50 149
50 151
50 154
50 155
50 156
50 162
50 166
50 169
50 171
50 173
50 180
50 182
50 186
50 187
50 188
50 190
50 191
50 195
50 196
50 202
50 207
50 219
50 225
50 230
50 243
50 244
50 247
50 251
50 274
50 299
50 322
50 344
50 345
50 347
50 383
50 415
50 421
50 425
50 464
50 504
50 535
50 538
50 587
50 594
50 609
50 624
50 625
50 663
50 686
50 714
51 52
51 53
51 54
51 173
52 53
52 54
52 57
52 60
52 64
52 78
52 80
52 93
52 94
52 96
52 99
52 115
52 125
52 127
52 129
52 136
52 141
52 149
52 163
52 166
52 187
52 203
52 233
52 236
52 248
52 251
52 286
52 287
52 289
52 372
52 373
52 538
52 588
52 594
53 54
53 81
53 154
53 213
53 285
54 57
54 60
54 64
54 66
54 68
54 72
54 75
54 78
54 80
54 86
54 89
54 94
54 106
54 107
54 109
54 115
54 116
54 118
54 121
54 127
54 128
54 132
54 133
54 135
54 136
54 139
54 149
54 151
54 152
54 153
54 163
54 164
54 170
54 171
54 172
54 173
54 182
54 195
54 202
54 225
54 233
54 236
54 242
54 248
54 252
54 274
54 283
54 300
54 301
54 303
54 387
54 423
54 428
54 430
54 461
54 470
54 485
54 488
54 540
54 552
54 699
54 700
55 56
55 60
55 64
55 96
55 109
55 115
55 118
55 125
55 142
55 151
55 153
55 155
55 196
55 213
55 227
55 233
55 313
55 378
55 440
55 686
56 60
56 75
56 84
56 96
56 106
56 115
56 128
56 195
56 225
56 396
56 421
56 684
57 58
57 59
57 60
57 61
57 62
57 64
57 66
57 68
57 71
57 73
57 75
57 76
57 77
57 80
57 82
57 83
57 84
57 88
57 89
57 93
57 94
57 96
57 100
57 106
57 109
57 113
57 115
57 117
57 121
57 125
57 127
57 128
57 131
57 132
57 136
57 138
57 139
57 141
57 142
57 143
57 144
57 146
57 149
57 151
57 152
57 153
57 163
57 165
57 166
57 168
57 169
57 180
57 182
57 195
57 198
57 202
57 210
57 225
57 240
57 249
57 285
57 289
57 299
57 307
57 337
57 349
57 359
57 385
57 400
57 451
57 452
57 491
57 514
57 515
57 525
57 526
57 599
57 626
57 627
57 691
57 712
58 59
58 60
58 61
58 62
58 75
58 78
58 80
58 82
58 83
58 88
58 89
58 92
58 94
58 96
58 102
58 109
58 110
58 115
58 122
58 128
58 129
58 131
58 132
58 134
58 135
58 142
58 149
58 151
58 153
58 155
58 162
58 163
58 166
58 169
58 174
58 182
58 188
58 207
58 225
58 227
58 232
58 236
58 237
58 238
58 240
58 260
58 263
58 277
58 335
58 347
58 363
58 364
58 405
58 413
58 417
58 422
58 513
58 548
58 549
58 565
58 627
59 60
59 61
59 62
59 68
59 70
59 73
59 75
59 78
59 80
59 83
59 85
59 92
59 93
59 94
59 115
59 117
59 121
59 132
59 138
59 141
59 142
59 146
59 149
59 151
59 153
59 155
59 159
59 160
59 166
59 168
59 171
59 174
59 182
59 210
59 225
59 233
59 240
59 243
59 303
59 304
59 328
59 347
59 374
59 434
59 435
59 468
59 469
59 509
59 559
59 569
59 592
59 593
59 653
60 61
60 62
60 64
60 66
60 68
60 70
60 71
60 72
60 73
60 75
60 77
60 78
60 80
60 82
60 84
60 87
60 89
60 90
60 92
60 93
60 94
60 96
60 99
60 101
60 106
60 108
60 109
60 112
60 113
60 115
60 116
60 118
60 120
60 121
60 125
60 127
60 128
60 129
60 131
60 132
60 133
60 135
60 136
60 137
60 138
60 141
60 142
60 146
60 147
60 149
60 151
60 152
60 153
60 155
60 157
60 158
60 159
60 162
60 163
60 166
60 169
60 171
60 173
60 174
60 180
60 182
60 188
60 190
60 195
60 203
60 207
60 209
60 210
60 213
60 214
60 219
60 225
60 233
60 234
60 236
60 242
60 262
60 274
60 283
60 284
60 285
60 289
60 291
60 292
60 294
60 310
60 313
60 325
60 326
60 337
60 338
60 342
60 343
60 347
60 368
60 369
60 393
60 395
60 399
60 421
60 434
60 435
60 438
60 486
60 487
60 506
60 516
60 527
60 539
60 545
60 559
60 577
60 581
60 582
60 592
60 624
60 625
60 631
60 658
60 690
60 711
61 62
62 64
62 71
62 75
62 81
62 82
62 86
62 88
62 106
62 113
62 125
62 131
62 132
62 138
62 139
62 165
62 219
62 259
62 270
62 322
62 330
62 400
62 424
63 143
63 225
63 345
63 479
63 480
63 481
63 482
64 65
64 66
64 67
64 68
64 70
64 71
64 72
64 75
64 77
64 78
64 80
64 82
64 83
64 86
64 87
64 89
64 93
64 94
64 96
64 102
64 104
64 106
64 107
64 113
64 115
64 117
64 121
64 122
64 125
64 126
64 127
64 128
64 129
64 131
64 132
64 135
64 139
64 149
64 151
64 153
64 169
64 182
64 187
64 190
64 191
64 196
64 197
64 198
64 202
64 205
64 206
64 210
64 213
64 214
64 225
64 233
64 236
64 239
64 251
64 257
64 274
64 280
64 283
64 284
64 290
64 299
64 303
64 312
64 320
64 321
64 322
64 330
64 331
64 347
64 349
64 364
64 416
64 420
64 421
64 423
64 433
64 441
64 444
64 446
64 470
64 510
64 527
64 560
64 588
64 590
64 624
64 625
64 628
64 636
64 637
64 668
64 683
64 711
65 66
65 67
65 68
66 67
66 68
66 74
66 82
66 94
66 109
66 115
66 125
66 131
66 132
66 141
66 143
66 149
66 151
66 152
66 153
66 181
66 182
66 196
66 214
66 267
66 279
66 289
66 396
66 414
66 418
66 554
67 68
67 94
67 100
67 101
68 73
68 74
68 75
68 78
68 81
68 82
68 90
68 94
68 113
68 115
68 116
68 121
68 125
68 127
68 128
68 139
68 141
68 142
68 143
68 147
68 151
68 153
68 162
68 187
68 191
68 192
68 196
68 198
68 203
68 225
68 233
68 247
68 261
68 274
68 275
68 276
68 277
68 289
68 290
68 296
68 347
68 379
68 385
68 459
68 540
69 70
69 71
69 72
69 73
69 74
69 82
69 106
69 115
69 138
69 143
69 163
69 210
70 71
70 72
70 73
70 74
70 75
70 82
70 84
70 86
70 93
70 94
70 109
70 115
70 117
70 125
70 138
70 141
70 149
70 153
70 154
70 155
70 187
70 191
70 225
70 319
70 476
70 477
70 478
70 496
70 497
70 498
70 575
70 601
70 602
70 635
70 668
71 72
71 73
71 74
71 75
71 76
71 77
71 81
71 83
71 93
71 96
71 104
71 117
71 121
71 125
71 131
71 142
71 144
71 146
71 149
71 153
71 166
71 176
71 182
71 195
71 196
71 219
71 225
71 280
71 283
71 284
71 299
71 306
71 312
71 364
71 368
71 446
71 492
71 679
72 73
72 74
72 75
72 82
72 94
72 96
72 100
72 113
72 115
72 121
72 127
72 131
72 135
72 138
72 140
72 149
72 155
72 159
72 195
72 207
72 234
72 253
72 321
72 349
72 356
72 361
72 363
72 421
72 463
72 464
72 510
72 517
72 529
72 549
72 551
72 705
72 706
73 74
73 80
73 81
73 83
73 84
73 90
73 93
73 94
73 108
73 115
73 117
73 125
73 127
73 128
73 132
73 137
73 138
73 141
73 143
73 149
73 153
73 159
73 163
73 164
73 171
73 175
73 182
73 196
73 199
73 202
73 206
73 207
73 227
73 249
73 329
73 359
73 365
73 377
73 439
73 440
73 455
73 517
73 565
73 566
73 663
73 687
73 692
74 79
74 80
74 81
74 82
74 83
74 86
74 96
74 99
74 106
74 109
74 113
74 115
74 128
74 129
74 138
74 139
74 149
74 151
74 153
74 157
74 160
74 165
74 182
74 188
74 202
74 210
74 225
74 233
74 234
74 235
74 251
74 268
74 279
74 280
74 290
74 347
74 383
74 418
74 492
74 556
74 603
74 643
74 693
74 715
75 76
75 77
75 78
75 80
75 81
75 82
75 83
75 84
75 87
75 89
75 93
75 94
75 104
75 109
75 113
75 115
75 117
75 121
75 125
75 128
75 135
75 138
75 141
75 147
75 149
75 153
75 154
75 165
75 166
75 169
75 170
75 171
75 172
75 173
75 182
75 190
75 191
75 192
75 195
75 202
75 207
75 216
75 219
75 230
75 253
75 260
75 268
75 274
75 311
75 320
75 335
75 346
75 347
75 384
75 400
75 405
75 421
75 423
75 438
75 446
75 568
75 586
75 626
75 628
75 698
76 77
76 83
76 109
77 86
77 100
77 106
77 120
77 125
77 129
77 187
77 590
77 672
78 79
78 80
78 81
78 82
78 89
78 90
78 92
78 93
78 94
78 96
78 105
78 106
78 107
78 108
78 114
78 115
78 117
78 118
78 125
78 128
78 132
78 135
78 139
78 142
78 146
78 147
78 149
78 151
78 153
78 157
78 158
78 169
78 171
78 182
78 196
78 207
78 220
78 225
78 229
78 232
78 233
78 236
78 237
78 238
78 239
78 246
78 251
78 261
78 273
78 303
78 304
78 354
78 355
78 356
78 366
78 367
78 372
78 373
78 385
78 386
78 392
78 393
78 413
78 519
78 533
78 590
78 614
78 700
79 80
79 81
79 128
79 129
79 135
79 149
79 151
79 153
79 162
79 182
79 246
79 328
79 362
79 363
79 693
80 82
80 83
80 84
80 87
80 91
80 92
80 93
80 94
80 96
80 100
80 102
80 103
80 106
80 107
80 110
80 111
80 113
80 115
80 121
80 125
80 127
80 128
80 132
80 135
80 136
80 137
80 139
80 141
80 149
80 151
80 153
80 159
80 163
80 168
80 175
80 179
80 190
80 193
80 195
80 198
80 202
80 209
80 216
80 217
80 218
80 225
80 233
80 242
80 244
80 254
80 303
80 304
80 355
80 371
80 383
80 436
80 438
80 524
80 572
80 611
80 612
81 82
81 83
81 86
81 93
81 97
81 113
81 115
81 121
81 125
81 128
81 129
81 131
81 132
81 139
81 151
81 153
81 158
81 171
81 172
81 182
81 188
81 196
81 220
81 288
81 296
81 306
81 315
81 323
81 324
81 328
81 330
81 362
81 363
81 372
81 424
81 517
81 603
81 714
82 83
82 84
82 86
82 88
82 89
82 91
82 92
82 93
82 94
82 96
82 103
82 106
82 107
82 108
82 109
82 113
82 115
82 119
82 120
82 121
82 122
82 124
82 125
82 127
82 128
82 129
82 132
82 135
82 138
82 139
82 141
82 142
82 146
82 147
82 148
82 149
82 150
82 151
82 153
82 154
82 158
82 162
82 163
82 169
82 172
82 182
82 185
82 187
82 188
82 190
82 195
82 196
82 198
82 200
82 202
82 206
82 207
82 214
82 225
82 227
82 228
82 229
82 233
82 240
82 243
82 247
82 251
82 252
82 259
82 267
82 279
82 293
82 299
82 307
82 308
82 327
82 340
82 359
82 360
82 363
82 368
82 383
82 386
82 414
82 425
82 434
82 451
82 452
82 496
82 497
82 498
82 511
82 512
82 533
82 540
82 564
82 572
82 617
82 633
82 634
82 656
82 709
82 710
82 714
83 86
83 89
83 94
83 96
83 109
83 113
83 115
83 120
83 121
83 125
83 131
83 132
83 133
83 137
83 141
83 153
83 154
83 155
83 157
83 159
83 163
83 165
83 169
83 175
83 188
83 195
83 198
83 202
83 222
83 225
83 226
83 230
83 266
83 274
83 289
83 306
83 344
83 356
83 367
83 418
83 441
83 565
83 615
83 616
83 671
84 86
84 92
84 96
84 110
84 115
84 118
84 120
84 125
84 128
84 138
84 141
84 149
84 153
84 154
84 158
84 163
84 164
84 169
84 173
84 175
84 182
84 190
84 195
84 210
84 214
84 220
84 242
84 279
84 289
84 296
84 355
84 403
84 421
84 572
84 577
84 583
84 587
84 639
84 640
84 641
84 662
84 667
86 89
86 96
86 98
86 99
86 100
86 106
86 113
86 115
86 121
86 128
86 129
86 131
86 132
86 141
86 144
86 151
86 153
86 155
86 182
86 187
86 212
86 219
86 258
86 270
86 300
86 301
86 356
86 476
86 477
86 478
86 528
86 560
86 564
86 576
86 601
86 602
86 603
86 639
86 642
86 672
87 89
87 121
87 125
87 168
87 198
87 438
87 502
87 503
87 711
88 110
88 125
88 128
88 174
88 259
89 90
89 94
89 97
89 100
89 103
89 104
89 106
89 108
89 109
89 115
89 117
89 120
89 125
89 127
89 128
89 138
89 139
89 141
89 142
89 143
89 149
89 151
89 153
89 155
89 158
89 162
89 163
89 168
89 169
89 190
89 196
89 202
89 206
89 207
89 210
89 212
89 219
89 225
89 230
89 232
89 233
89 242
89 299
89 303
89 330
89 331
89 371
89 411
89 412
89 443
89 483
89 502
89 503
89 559
89 563
89 576
89 581
89 582
89 600
89 637
90 93
90 101
90 106
90 109
90 115
90 117
90 149
90 153
90 162
90 179
90 180
90 198
90 210
90 216
90 225
90 233
90 234
90 261
90 338
90 378
90 423
90 534
90 550
90 606
90 660
91 92
91 93
91 94
91 159
91 214
92 93
92 94
92 106
92 110
92 111
92 115
92 127
92 128
92 129
92 134
92 135
92 137
92 141
92 153
92 155
92 158
92 168
92 169
92 207
92 225
92 226
92 229
92 233
92 234
92 243
92 351
92 352
92 353
92 385
92 436
92 519
92 548
92 549
92 569
92 572
93 94
93 96
93 106
93 113
93 115
93 117
93 121
93 125
93 132
93 146
93 149
93 151
93 154
93 171
93 182
93 195
93 202
93 213
93 214
93 225
93 227
93 234
93 242
93 246
93 249
93 251
93 268
93 280
93 325
93 372
93 373
93 377
93 392
93 402
93 434
93 436
93 465
93 466
93 565
93 566
93 572
93 588
93 605
93 647
93 709
93 710
94 96
94 97
94 104
94 106
94 109
94 112
94 113
94 115
94 121
94 125
94 127
94 128
94 131
94 139
94 141
94 143
94 147
94 149
94 151
94 153
94 154
94 159
94 163
94 166
94 173
94 188
94 190
94 191
94 192
94 195
94 196
94 214
94 216
94 221
94 222
94 223
94 224
94 225
94 240
94 251
94 256
94 257
94 296
94 298
94 299
94 344
94 347
94 354
94 355
94 356
94 359
94 363
94 364
94 367
94 379
94 396
94 417
94 434
94 490
94 517
94 518
94 538
94 572
94 623
94 632
94 677
94 678
94 688
95 96
95 676
96 100
96 106
96 113
96 115
96 117
96 121
96 125
96 131
96 135
96 139
96 140
96 141
96 144
96 147
96 149
96 151
96 153
96 159
96 163
96 165
96 167
96 169
96 171
96 182
96 202
96 212
96 213
96 217
96 225
96 227
96 268
96 280
96 289
96 298
96 299
96 318
96 329
96 344
96 347
96 364
96 372
96 373
96 376
96 377
96 385
96 396
96 450
96 517
96 556
97 135
97 163
97 475
98 99
99 106
99 135
99 139
99 207
99 216
99 225
99 313
99 425
99 501
100 101
100 106
100 113
100 115
100 128
100 141
100 144
100 155
100 190
100 193
100 210
100 212
100 363
100 405
100 585
100 672
101 162
101 163
101 338
102 107
102 109
102 151
102 227
102 254
102 555
103 120
103 128
103 139
103 153
103 182
103 191
103 193
103 202
103 207
103 242
103 244
103 247
103 397
103 656
103 662
104 115
104 117
104 125
104 128
104 135
104 147
104 158
104 160
104 166
104 182
104 210
104 219
104 298
104 312
104 637
104 683
105 106
105 107
105 108
106 107
106 108
106 110
106 115
106 119
106 121
106 125
106 131
106 132
106 136
106 139
106 141
106 142
106 146
106 147
106 148
106 149
106 150
106 153
106 157
106 163
106 169
106 171
106 180
106 182
106 185
106 189
106 202
106 205
106 206
106 225
106 227
106 233
106 234
106 240
106 242
106 251
106 258
106 283
106 289
106 298
106 299
106 300
106 301
106 338
106 339
106 366
106 367
106 401
106 407
106 423
106 425
106 438
106 470
106 485
106 492
106 494
106 495
106 508
106 541
106 599
106 672
106 680
106 684
107 108
107 115
107 117
107 121
107 125
107 149
107 151
107 188
107 225
107 254
107 264
107 265
107 382
107 385
107 423
107 425
107 555
108 113
108 115
108 129
108 132
108 138
108 141
108 151
108 195
108 225
108 280
108 348
108 664
109 113
109 115
109 124
109 127
109 128
109 132
109 133
109 139
109 143
109 149
109 151
109 153
109 157
109 158
109 163
109 176
109 184
109 187
109 193
109 202
109 210
109 213
109 225
109 227
109 233
109 234
109 242
109 266
109 276
109 283
109 291
109 295
109 296
109 297
109 298
109 346
109 347
109 357
109 387
109 409
109 418
109 423
109 430
109 454
109 496
109 497
109 498
109 532
109 567
109 677
109 678
109 688
109 691
110 111
110 113
110 115
110 118
110 120
110 125
110 133
110 141
110 142
110 153
110 165
110 173
110 180
110 216
110 217
110 218
110 274
110 281
110 332
110 337
110 339
110 441
110 489
110 587
110 707
110 708
112 128
112 153
112 154
112 268
113 115
113 125
113 131
113 132
113 133
113 135
113 139
113 140
113 149
113 153
113 157
113 158
113 182
113 190
113 191
113 192
113 193
113 195
113 202
113 213
113 222
113 225
113 233
113 234
113 235
113 236
113 242
113 309
113 329
113 393
113 415
113 426
113 427
113 441
113 443
113 489
113 517
113 525
113 526
113 557
113 560
113 626
113 696
113 714
114 115
114 116
114 117
114 139
114 149
114 233
115 116
115 117
115 118
115 119
115 120
115 121
115 124
115 125
115 126
115 127
115 128
115 129
115 132
115 133
115 134
115 135
115 136
115 138
115 139
115 141
115 142
115 143
115 147
115 149
115 151
115 153
115 155
115 157
115 159
115 161
115 162
115 163
115 165
115 166
115 167
115 169
115 172
115 173
115 174
115 175
115 176
115 179
115 182
115 184
115 187
115 188
115 189
115 190
115 192
115 193
115 195
115 196
115 198
115 202
115 203
115 210
115 213
115 214
115 219
115 225
115 227
115 228
115 229
115 233
115 234
115 235
115 236
115 237
115 238
115 240
115 242
115 251
115 255
115 263
115 264
115 265
115 266
115 268
115 269
115 271
115 274
115 275
115 276
115 277
115 279
115 280
115 286
115 287
115 289
115 299
115 310
115 313
115 315
115 320
115 321
115 330
115 331
115 336
115 345
115 346
115 347
115 361
115 374
115 376
115 377
115 378
115 385
115 387
115 388
115 396
115 401
115 418
115 421
115 441
115 450
115 451
115 452
115 456
115 492
115 499
115 506
115 514
115 515
115 522
115 523
115 535
115 573
115 574
115 576
115 579
115 585
115 587
115 590
115 595
115 613
115 614
115 648
115 652
115 699
115 703
116 117
116 162
116 163
116 187
116 196
116 247
116 303
116 313
116 325
116 337
116 640
116 697
117 125
117 128
117 139
117 141
117 143
117 146
117 149
117 153
117 155
117 163
117 165
117 166
117 171
117 179
117 187
117 191
117 213
117 219
117 225
117 233
117 347
117 360
117 411
117 412
117 423
117 668
118 120
118 125
118 135
118 136
118 141
118 142
118 147
118 151
118 153
118 173
118 180
118 313
118 378
118 403
118 638
119 125
119 127
119 129
119 131
119 149
119 154
119 192
119 202
119 207
119 225
119 233
119 268
119 345
119 404
119 617
119 680
120 121
120 136
120 151
120 153
120 158
120 173
120 202
120 587
120 638
120 656
120 658
121 125
121 129
121 131
121 132
121 133
121 138
121 149
121 153
121 182
121 187
121 195
121 196
121 202
121 205
121 206
121 207
121 213
121 216
121 225
121 233
121 234
121 257
121 268
121 299
121 306
121 310
121 344
121 347
121 378
121 395
121 429
121 433
121 438
121 442
121 443
121 549
121 657
122 123
122 202
122 243
124 132
124 221
124 234
124 455
125 126
125 127
125 128
125 129
125 131
125 132
125 135
125 136
125 138
125 139
125 140
125 143
125 149
125 151
125 153
125 154
125 165
125 167
125 173
125 187
125 188
125 190
125 195
125 202
125 207
125 220
125 225
125 227
125 231
125 233
125 259
125 274
125 279
125 296
125 298
125 313
125 325
125 329
125 359
125 360
125 363
125 368
125 372
125 373
125 378
125 379
125 387
125 400
125 401
125 402
125 404
125 434
125 438
125 441
125 451
125 492
125 506
125 546
125 547
125 565
125 572
125 637
125 640
125 641
125 687
126 138
126 139
126 141
126 151
126 163
127 129
127 131
127 132
127 139
127 149
127 153
127 155
127 158
127 162
127 165
127 166
127 186
127 187
127 188
127 190
127 195
127 196
127 201
127 202
127 225
127 234
127 311
127 316
127 317
127 321
127 356
127 400
127 401
127 404
127 499
128 129
128 130
128 131
128 132
128 133
128 134
128 135
128 136
128 137
128 138
128 139
128 141
128 146
128 147
128 149
128 151
128 153
128 163
128 168
128 171
128 173
128 182
128 188
128 191
128 202
128 210
128 225
128 228
128 233
128 234
128 242
128 244
128 268
128 291
128 295
128 296
128 297
128 298
128 319
128 320
128 344
128 347
128 357
128 359
128 365
128 384
128 385
128 458
128 480
128 492
128 533
128 643
128 693
129 130
129 131
129 134
129 135
129 151
129 153
129 202
129 280
129 395
129 404
129 407
129 451
129 472
129 594
129 603
129 682
131 132
131 133
131 139
131 151
131 155
131 165
131 169
131 202
131 207
131 233
131 279
131 322
131 345
131 347
131 364
131 395
131 404
131 560
131 565
131 599
131 600
131 690
132 133
132 138
132 139
132 153
132 155
132 158
132 163
132 165
132 179
132 180
132 182
132 189
132 190
132 195
132 198
132 203
132 207
132 208
132 214
132 222
132 225
132 233
132 234
132 240
132 242
132 274
132 277
132 280
132 289
132 291
132 292
132 303
132 304
132 344
132 378
132 396
132 517
132 571
132 596
133 138
133 143
133 149
133 158
133 159
133 167
133 180
133 182
133 196
133 266
133 281
133 282
133 291
133 346
133 450
133 485
133 491
133 543
133 545
133 578
134 135
135 138
135 139
135 141
135 149
135 153
135 162
135 163
135 176
135 182
135 187
135 190
135 196
135 202
135 207
135 210
135 225
135 233
135 236
135 240
135 246
135 294
135 298
135 319
135 322
135 364
135 411
135 428
135 430
135 436
135 441
135 475
135 485
135 501
135 529
135 626
135 670
135 683
135 690
136 137
136 163
136 227
136 401
136 638
137 159
137 175
137 234
138 139
138 141
138 143
138 149
138 151
138 153
138 159
138 163
138 165
138 187
138 188
138 190
138 210
138 225
138 233
138 281
138 282
138 400
138 549
138 583
138 588
138 643
139 143
139 149
139 151
139 158
139 160
139 163
139 169
139 176
139 182
139 188
139 195
139 225
139 233
139 242
139 251
139 290
139 305
139 321
139 347
139 383
139 400
139 401
139 420
139 452
139 488
139 501
139 531
139 551
139 591
139 595
139 662
139 688
139 714
139 715
140 413
140 517
141 142
141 149
141 151
141 153
141 163
141 165
141 166
141 168
141 169
141 171
141 172
141 175
141 180
141 181
141 219
141 225
141 226
141 233
141 281
141 294
141 328
141 332
141 365
141 418
141 573
141 574
141 585
141 690
142 149
142 151
142 154
142 155
142 156
142 174
142 180
142 225
142 232
142 234
142 246
142 289
142 434
142 435
142 451
142 452
142 535
142 541
143 144
143 145
143 149
143 151
143 180
143 181
143 188
143 198
143 225
143 289
143 296
143 345
143 379
143 385
143 411
143 412
143 479
143 480
143 481
143 482
144 145
144 154
144 195
144 212
144 299
146 147
146 148
146 149
146 150
146 153
146 166
147 148
147 149
147 150
147 151
147 153
147 216
147 225
147 298
147 594
148 149
148 150
149 150
149 151
149 153
149 158
149 159
149 162
149 163
149 169
149 182
149 188
149 190
149 198
149 202
149 203
149 206
149 210
149 214
149 216
149 217
149 225
149 227
149 233
149 234
149 235
149 240
149 246
149 251
149 264
149 265
149 274
149 283
149 284
149 298
149 303
149 310
149 319
149 329
149 336
149 339
149 346
149 347
149 363
149 371
149 376
149 385
149 394
149 411
149 412
149 415
149 423
149 438
149 527
149 551
149 554
149 606
149 617
149 626
149 629
149 643
149 687
149 702
149 709
149 710
151 152
151 153
151 154
151 158
151 162
151 169
151 171
151 173
151 182
151 188
151 189
151 196
151 197
151 198
151 206
151 207
151 213
151 219
151 225
151 227
151 233
151 240
151 251
151 254
151 296
151 328
151 362
151 363
151 379
151 381
151 384
151 392
151 457
151 506
151 535
151 555
151 592
151 594
151 599
151 600
151 603
151 630
151 658
151 675
151 694
151 695
152 153
153 157
153 158
153 162
153 166
153 168
153 169
153 187
153 190
153 191
153 195
153 202
153 206
153 210
153 213
153 222
153 225
153 227
153 233
153 239
153 243
153 246
153 268
153 283
153 298
153 320
153 333
153 338
153 339
153 387
153 418
153 423
153 430
153 443
153 457
153 528
153 569
153 577
153 588
153 603
153 627
153 642
153 656
153 668
153 699
154 155
154 156
154 163
154 177
154 187
154 207
154 213
154 220
154 225
154 234
154 240
154 285
154 309
154 327
154 333
154 344
154 367
154 381
154 425
154 487
154 640
154 641
155 156
155 169
155 225
155 233
155 396
155 440
155 476
155 477
155 478
155 509
155 535
155 565
155 613
155 614
157 158
157 213
157 492
157 615
157 616
158 160
158 163
158 182
158 190
158 196
158 205
158 207
158 208
158 214
158 220
158 268
158 450
158 491
158 500
158 658
159 171
159 175
159 182
159 187
159 188
159 196
159 203
159 225
159 263
159 269
159 339
159 396
159 450
159 486
159 487
159 490
159 517
160 234
160 715
162 163
162 165
162 166
162 169
162 185
162 188
162 246
162 299
162 338
162 422
162 503
162 540
163 166
163 169
163 171
163 196
163 199
163 217
163 233
163 247
163 279
163 280
163 299
163 319
163 340
163 341
163 342
163 344
163 347
163 355
163 363
163 367
163 385
163 414
163 417
163 448
163 500
163 559
164 165
165 166
165 169
165 189
165 190
165 196
165 202
165 225
165 268
165 281
165 289
165 332
165 376
165 377
165 400
165 413
165 556
166 168
166 182
166 190
166 219
166 244
166 286
166 287
166 328
166 363
166 417
166 553
166 559
167 182
168 182
168 225
168 277
168 328
168 370
168 502
168 503
168 538
169 185
169 188
169 225
169 247
169 263
169 278
169 305
169 393
169 414
169 457
169 505
169 527
169 540
169 565
170 171
170 172
170 173
170 196
171 172
171 173
171 233
171 288
171 338
171 344
171 365
171 592
171 649
172 173
172 188
172 225
172 250
172 323
172 324
172 619
173 188
173 213
173 233
173 585
173 587
174 225
174 434
174 435
175 187
175 225
175 269
176 591
176 679
179 423
180 181
180 251
180 289
180 291
180 292
180 660
181 196
181 473
182 187
182 190
182 191
182 195
182 196
182 206
182 225
182 233
182 239
182 240
182 241
182 244
182 247
182 259
182 260
182 273
182 274
182 277
182 291
182 312
182 328
182 339
182 344
182 360
182 362
182 363
182 368
182 377
182 386
182 414
182 450
182 491
182 561
182 565
182 566
182 608
182 626
182 630
185 540
186 187
186 188
187 188
187 190
187 191
187 196
187 216
187 225
187 233
187 234
187 240
187 247
187 269
187 309
187 323
187 327
187 363
187 453
187 542
187 588
187 590
187 668
188 196
188 210
188 214
188 228
188 229
188 262
188 305
188 315
188 380
188 422
188 425
188 490
188 517
188 643
188 685
189 190
189 234
189 240
189 508
190 193
190 196
190 212
190 214
190 225
190 244
190 251
190 293
190 294
190 302
190 310
190 316
190 317
190 322
190 388
190 423
190 446
190 539
190 563
190 588
190 628
191 192
191 228
191 247
191 668
192 233
192 268
193 310
194 195
195 196
195 222
195 225
195 234
195 251
195 252
195 299
195 321
195 356
195 363
195 421
195 434
195 572
195 664
196 197
196 198
196 204
196 227
196 234
196 247
196 299
196 315
196 316
196 317
196 327
196 330
196 331
196 354
196 355
196 356
196 413
196 450
196 491
196 559
196 580
196 665
196 686
197 198
198 216
198 225
198 226
198 234
198 289
198 363
198 385
198 424
198 474
198 596
198 606
202 205
202 206
202 214
202 225
202 227
202 242
202 243
202 246
202 261
202 268
202 283
202 329
202 345
202 387
202 393
202 404
202 426
202 427
202 430
202 465
202 466
202 491
202 556
202 605
202 610
202 656
202 687
203 225
203 280
203 336
203 378
205 206
207 208
207 225
207 229
207 233
207 340
207 344
207 345
207 368
207 385
207 425
207 439
207 440
207 462
207 519
207 586
210 443
210 483
210 534
210 576
210 643
210 683
211 212
213 214
213 215
213 225
213 227
213 285
213 378
213 384
213 585
214 215
214 228
214 229
214 246
214 267
214 465
214 466
216 217
216 218
216 234
216 313
216 363
216 606
217 218
217 347
217 385
217 429
218 274
219 270
219 573
219 574
220 640
220 641
221 222
221 223
221 224
221 455
222 223
222 224
222 225
222 289
223 224
224 233
224 549
225 226
225 227
225 236
225 237
225 238
225 242
225 251
225 256
225 257
225 259
225 260
225 261
225 263
225 268
225 269
225 283
225 284
225 299
225 305
225 313
225 333
225 345
225 364
225 384
225 434
225 435
225 479
225 480
225 481
225 482
225 501
225 532
225 541
225 556
225 558
225 594
225 605
225 664
225 676
225 689
225 700
225 709
225 710
227 329
227 401
227 687
228 229
229 385
229 519
230 576
232 445
233 234
233 235
233 248
233 254
233 268
233 291
233 340
233 347
233 440
233 549
233 567
233 599
233 600
234 235
234 240
234 274
234 309
234 321
234 327
234 338
234 356
234 357
234 508
234 606
234 646
236 237
236 238
236 428
236 519
237 238
239 240
239 241
239 280
239 614
240 241
240 277
240 307
240 309
240 327
240 363
240 508
240 653
242 268
242 397
242 605
243 569
246 465
246 466
247 414
250 251
250 602
250 619
251 258
251 279
251 280
251 283
251 322
251 392
251 432
251 451
251 609
251 654
251 655
251 709
251 710
253 349
253 361
253 705
253 706
254 555
256 257
258 283
259 260
260 347
260 405
264 265
268 346
268 556
268 605
273 343
274 275
274 276
274 277
274 279
274 344
274 461
274 506
274 552
275 276
275 277
276 277
276 409
277 513
279 280
279 293
279 355
279 610
280 345
280 378
281 282
281 332
283 284
283 387
283 430
286 287
289 290
289 291
289 292
289 333
289 340
289 358
289 363
289 385
289 391
289 399
289 494
289 537
289 584
290 420
291 292
291 344
291 423
291 458
291 543
293 294
294 690
295 296
295 297
295 298
296 297
296 298
296 379
297 298
298 338
298 339
298 389
299 559
300 301
303 304
303 321
303 371
303 636
309 327
309 370
310 388
310 429
311 320
313 314
313 325
313 337
313 378
313 384
316 317
319 635
321 356
321 636
322 609
323 324
323 542
325 326
325 337
325 402
328 362
328 363
329 628
329 687
330 331
330 424
331 371
331 408
333 463
334 335
337 666
338 339
338 646
340 341
340 391
342 343
342 363
344 367
344 458
345 361
345 464
345 479
345 480
345 481
345 482
345 690
347 364
347 385
347 405
347 624
347 625
347 688
349 361
349 705
349 706
351 352
351 353
352 353
354 355
354 356
355 356
359 626
360 368
361 705
361 706
362 363
363 410
363 417
363 536
363 598
364 461
366 367
368 369
370 538
371 408
372 373
376 377
376 394
377 565
377 566
378 550
381 556
385 519
387 430
393 426
393 427
396 450
397 432
400 401
407 682
411 412
419 420
423 446
423 470
423 628
424 474
426 427
431 528
434 435
434 572
438 629
439 440
441 489
442 443
443 483
443 576
446 628
450 491
451 452
451 539
451 654
451 655
452 595
455 692
461 552
463 464
465 466
468 469
473 490
475 620
475 621
475 622
476 477
476 478
477 478
479 480
479 481
479 482
480 481
480 482
481 482
483 484
483 576
485 578
486 487
490 517
491 610
494 495
494 584
496 497
496 498
497 498
502 503
507 508
511 512
514 515
520 521
522 523
525 526
528 642
546 547
548 549
559 631
565 566
573 574
581 582
599 600
601 602
611 612
613 614
615 616
620 621
620 622
621 622
624 625
633 634
640 641
640 697
654 655
661 662
673 674
677 678
694 695
705 706
707 708
709 710
