0 1
0 2
0 4
0 5
0 6
0 7
0 8
0 9
0 10
0 11
0 12
0 13
0 14
0 16
0 18
0 19
0 20
0 23
0 24
0 25
0 26
0 28
0 29
0 31
0 32
0 33
0 34
0 35
0 36
0 37
0 38
0 39
0 40
0 41
0 42
0 44
0 45
0 46
0 48
0 50
0 51
0 52
0 54
0 56
0 57
0 59
0 62
0 63
0 64
0 66
0 68
0 71
0 72
0 73
0 74
0 76
0 78
0 81
0 82
0 83
0 84
0 87
0 88
0 89
0 90
0 91
0 92
0 93
0 94
0 95
0 99
0 100
0 101
0 102
0 103
0 104
0 107
0 109
0 110
0 112
0 115
0 116
0 117
0 119
0 120
0 122
0 126
0 129
0 130
0 131
0 132
0 133
0 134
0 135
0 136
0 137
0 143
0 145
0 149
0 152
0 153
0 155
0 161
0 162
0 163
0 164
0 165
0 166
0 169
0 170
0 172
0 173
0 175
0 177
0 181
0 182
0 224
0 225
0 227
0 228
0 232
0 237
0 244
0 253
0 266
0 267
0 278
0 280
0 281
0 282
0 283
0 289
0 293
0 300
0 302
0 303
0 304
0 305
0 306
0 310
0 317
0 331
0 336
0 338
0 340
0 344
0 350
0 362
0 370
0 387
0 395
0 406
0 419
0 431
0 441
0 463
0 464
0 476
0 488
0 495
0 502
0 503
0 524
0 526
0 527
0 571
0 578
0 580
0 597
0 607
0 616
0 617
0 618
0 628
0 658
0 659
0 660
0 672
0 682
0 707
0 709
0 710
0 713
0 714
0 716
0 718
0 729
0 741
0 758
0 773
1 2
1 4
1 5
1 6
1 7
1 8
1 9
1 11
1 14
1 16
1 18
1 19
1 21
1 22
1 24
1 26
1 28
1 31
1 32
1 34
1 35
1 36
1 37
1 41
1 48
1 51
1 52
1 54
1 56
1 58
1 62
1 63
1 68
1 72
1 73
1 74
1 81
1 84
1 87
1 90
1 91
1 92
1 93
1 94
1 101
1 102
1 117
1 119
1 122
1 128
1 129
1 130
1 133
1 134
1 139
1 145
1 153
1 162
1 163
1 164
1 170
1 176
1 178
1 179
1 192
1 200
1 245
1 248
1 267
1 295
1 297
1 298
1 300
1 302
1 344
1 345
1 390
1 400
1 428
1 458
1 491
1 495
1 528
1 529
1 617
1 623
1 648
1 734
1 769
2 3
2 4
2 5
2 6
2 7
2 8
2 9
2 10
2 11
2 12
2 13
2 14
2 16
2 18
2 19
2 22
2 24
2 26
2 28
2 29
2 31
2 32
2 34
2 35
2 36
2 37
2 38
2 41
2 42
2 45
2 46
2 48
2 50
2 51
2 52
2 54
2 56
2 57
2 59
2 60
2 61
2 62
2 63
2 67
2 68
2 72
2 73
2 74
2 81
2 83
2 84
2 86
2 87
2 88
2 89
2 90
2 91
2 92
2 93
2 94
2 95
2 100
2 102
2 103
2 106
2 107
2 109
2 111
2 117
2 119
2 122
2 126
2 128
2 129
2 131
2 132
2 134
2 135
2 136
2 149
2 152
2 160
2 162
2 163
2 164
2 169
2 172
2 177
2 178
2 179
2 182
2 183
2 185
2 191
2 195
2 196
2 197
2 199
2 225
2 246
2 248
2 251
2 252
2 270
2 276
2 277
2 278
2 293
2 295
2 299
2 307
2 335
2 337
2 339
2 350
2 359
2 366
2 384
2 407
2 428
2 445
2 450
2 470
2 471
2 476
2 477
2 500
2 557
2 586
2 654
2 663
2 664
2 665
2 666
2 681
2 689
2 704
2 705
2 734
2 772
3 4
3 5
3 6
3 7
3 21
3 33
3 81
3 83
3 93
3 162
3 256
3 262
3 423
3 540
3 598
3 686
4 5
4 6
4 7
4 9
4 13
4 16
4 18
4 20
4 21
4 22
4 24
4 25
4 26
4 28
4 31
4 33
4 35
4 37
4 38
4 40
4 41
4 42
4 45
4 52
4 53
4 54
4 56
4 60
4 62
4 66
4 67
4 68
4 72
4 73
4 74
4 76
4 83
4 84
4 86
4 87
4 88
4 90
4 91
4 99
4 102
4 103
4 107
4 111
4 117
4 118
4 120
4 121
4 122
4 126
4 127
4 128
4 129
4 130
4 131
4 134
4 135
4 136
4 140
4 145
4 148
4 155
4 156
4 157
4 158
4 160
4 164
4 169
4 172
4 182
4 183
4 195
4 196
4 197
4 208
4 211
4 217
4 246
4 265
4 266
4 269
4 270
4 273
4 281
4 302
4 317
4 325
4 365
4 374
4 375
4 376
4 386
4 395
4 418
4 420
4 434
4 457
4 471
4 480
4 481
4 509
4 520
4 574
4 575
4 609
4 614
4 649
4 651
4 652
4 682
4 692
4 702
4 734
4 759
4 760
5 6
5 7
5 8
5 9
5 10
5 11
5 12
5 13
5 14
5 15
5 16
5 17
5 18
5 19
5 20
5 21
5 24
5 25
5 26
5 28
5 31
5 32
5 33
5 34
5 37
5 38
5 40
5 41
5 42
5 45
5 46
5 48
5 50
5 51
5 54
5 56
5 57
5 58
5 60
5 62
5 67
5 68
5 72
5 73
5 74
5 81
5 83
5 84
5 87
5 88
5 89
5 90
5 91
5 92
5 93
5 94
5 95
5 99
5 100
5 101
5 102
5 103
5 109
5 111
5 116
5 117
5 119
5 122
5 126
5 128
5 129
5 130
5 131
5 132
5 134
5 137
5 139
5 140
5 141
5 142
5 145
5 151
5 152
5 160
5 162
5 163
5 164
5 168
5 169
5 172
5 173
5 175
5 177
5 179
5 182
5 186
5 187
5 189
5 190
5 205
5 221
5 224
5 235
5 248
5 266
5 273
5 274
5 277
5 282
5 293
5 295
5 297
5 302
5 310
5 311
5 312
5 327
5 339
5 345
5 350
5 359
5 369
5 375
5 390
5 391
5 396
5 412
5 413
5 414
5 425
5 426
5 428
5 469
5 485
5 486
5 487
5 499
5 541
5 584
5 595
5 622
5 626
5 639
5 650
5 654
5 657
5 660
5 673
5 674
5 675
5 676
5 680
5 698
5 729
6 7
6 8
6 9
6 11
6 13
6 14
6 15
6 16
6 18
6 19
6 20
6 21
6 22
6 23
6 26
6 28
6 31
6 32
6 34
6 35
6 36
6 37
6 38
6 39
6 40
6 41
6 42
6 45
6 46
6 48
6 51
6 52
6 53
6 54
6 56
6 58
6 59
6 61
6 62
6 66
6 67
6 68
6 72
6 73
6 74
6 75
6 76
6 78
6 81
6 82
6 84
6 86
6 87
6 88
6 89
6 90
6 91
6 92
6 93
6 97
6 99
6 100
6 101
6 102
6 103
6 107
6 108
6 109
6 110
6 116
6 117
6 118
6 119
6 120
6 121
6 122
6 123
6 126
6 128
6 130
6 131
6 132
6 134
6 135
6 136
6 138
6 139
6 140
6 145
6 152
6 153
6 160
6 162
6 163
6 164
6 165
6 166
6 169
6 170
6 172
6 175
6 177
6 178
6 179
6 182
6 183
6 191
6 194
6 195
6 196
6 197
6 198
6 205
6 208
6 212
6 214
6 215
6 216
6 221
6 222
6 225
6 226
6 232
6 246
6 248
6 265
6 267
6 268
6 269
6 270
6 271
6 278
6 293
6 298
6 299
6 302
6 310
6 342
6 343
6 344
6 349
6 358
6 373
6 392
6 393
6 421
6 425
6 428
6 439
6 462
6 470
6 471
6 472
6 504
6 505
6 542
6 543
6 566
6 567
6 598
6 613
6 635
6 648
6 699
6 700
6 731
6 764
7 9
7 12
7 13
7 14
7 16
7 18
7 19
7 22
7 23
7 24
7 26
7 28
7 31
7 32
7 35
7 37
7 38
7 39
7 40
7 41
7 42
7 45
7 51
7 52
7 54
7 56
7 58
7 62
7 68
7 72
7 73
7 74
7 75
7 76
7 77
7 81
7 83
7 86
7 87
7 88
7 90
7 91
7 93
7 95
7 97
7 100
7 102
7 103
7 109
7 111
7 116
7 117
7 118
7 119
7 120
7 123
7 126
7 129
7 130
7 132
7 134
7 136
7 138
7 142
7 148
7 149
7 160
7 162
7 163
7 164
7 166
7 169
7 173
7 177
7 178
7 179
7 208
7 248
7 255
7 261
7 264
7 295
7 307
7 308
7 309
7 344
7 372
7 406
7 415
7 416
7 420
7 428
7 434
7 444
7 450
7 468
7 471
7 488
7 491
7 495
7 501
7 540
7 650
7 654
7 686
8 9
8 10
8 11
8 12
8 14
8 15
8 18
8 19
8 21
8 23
8 24
8 26
8 27
8 28
8 29
8 31
8 32
8 34
8 35
8 36
8 37
8 39
8 40
8 41
8 45
8 46
8 48
8 51
8 53
8 54
8 56
8 57
8 58
8 62
8 63
8 64
8 67
8 68
8 72
8 73
8 74
8 76
8 81
8 82
8 83
8 84
8 86
8 87
8 92
8 93
8 94
8 95
8 101
8 102
8 109
8 115
8 116
8 117
8 119
8 120
8 126
8 129
8 130
8 132
8 134
8 142
8 145
8 152
8 160
8 162
8 169
8 171
8 172
8 177
8 178
8 183
8 189
8 216
8 249
8 281
8 293
8 302
8 306
8 310
8 312
8 322
8 334
8 359
8 370
8 396
8 446
8 462
8 463
8 464
8 465
8 491
8 522
8 523
8 531
8 532
8 546
8 712
9 10
9 11
9 12
9 14
9 15
9 16
9 18
9 19
9 21
9 22
9 24
9 25
9 26
9 28
9 29
9 31
9 32
9 34
9 36
9 37
9 38
9 39
9 41
9 42
9 43
9 48
9 50
9 51
9 53
9 54
9 56
9 57
9 58
9 62
9 67
9 68
9 71
9 72
9 73
9 74
9 81
9 83
9 84
9 87
9 88
9 89
9 90
9 91
9 92
9 93
9 94
9 99
9 101
9 102
9 103
9 104
9 107
9 109
9 112
9 116
9 117
9 118
9 119
9 120
9 122
9 123
9 126
9 128
9 129
9 130
9 131
9 132
9 135
9 136
9 137
9 140
9 145
9 152
9 160
9 163
9 164
9 169
9 172
9 178
9 179
9 182
9 191
9 192
9 193
9 194
9 205
9 206
9 211
9 216
9 225
9 226
9 266
9 267
9 268
9 281
9 287
9 295
9 303
9 304
9 305
9 306
9 312
9 316
9 334
9 345
9 348
9 358
9 371
9 382
9 390
9 391
9 394
9 395
9 407
9 424
9 431
9 434
9 437
9 477
9 499
9 519
9 549
9 561
9 578
9 598
9 603
9 604
9 624
9 667
9 681
9 685
9 752
9 761
9 762
10 14
10 18
10 19
10 21
10 26
10 29
10 30
10 31
10 34
10 36
10 37
10 38
10 41
10 42
10 43
10 45
10 48
10 51
10 61
10 68
10 72
10 73
10 76
10 79
10 83
10 86
10 87
10 89
10 92
10 93
10 94
10 99
10 100
10 108
10 109
10 111
10 125
10 126
10 128
10 129
10 130
10 134
10 135
10 152
10 160
10 162
10 163
10 164
10 171
10 175
10 179
10 216
10 225
10 265
10 277
10 282
10 287
10 302
10 349
10 377
10 400
10 428
10 429
10 493
10 519
10 547
10 583
10 610
10 611
10 612
10 641
10 646
10 647
10 715
10 769
11 12
11 13
11 14
11 16
11 18
11 19
11 21
11 26
11 27
11 28
11 32
11 34
11 35
11 36
11 37
11 41
11 42
11 48
11 54
11 58
11 68
11 72
11 73
11 74
11 81
11 90
11 91
11 92
11 95
11 99
11 102
11 103
11 116
11 119
11 129
11 131
11 132
11 149
11 160
11 172
11 182
11 205
11 225
11 241
11 281
11 339
11 390
11 391
11 476
11 477
11 490
11 534
11 546
11 568
11 601
11 725
12 13
12 14
12 15
12 18
12 22
12 28
12 31
12 32
12 37
12 43
12 45
12 50
12 56
12 58
12 62
12 74
12 81
12 83
12 87
12 90
12 92
12 100
12 102
12 103
12 109
12 111
12 119
12 122
12 130
12 133
12 175
12 179
12 297
12 357
12 384
12 441
12 458
12 470
12 485
13 14
13 16
13 18
13 24
13 25
13 26
13 28
13 31
13 39
13 41
13 42
13 48
13 51
13 52
13 54
13 56
13 58
13 66
13 67
13 71
13 74
13 76
13 77
13 81
13 82
13 83
13 84
13 87
13 90
13 92
13 93
13 95
13 101
13 102
13 103
13 106
13 109
13 116
13 117
13 118
13 119
13 122
13 126
13 130
13 132
13 142
13 145
13 162
13 163
13 164
13 248
13 266
13 281
13 312
13 344
13 372
13 392
13 406
13 410
13 419
13 420
13 476
13 489
13 504
13 505
13 579
13 585
13 737
14 15
14 16
14 18
14 26
14 28
14 29
14 31
14 33
14 34
14 35
14 36
14 37
14 39
14 42
14 48
14 50
14 53
14 54
14 56
14 57
14 59
14 62
14 66
14 67
14 68
14 72
14 74
14 76
14 81
14 84
14 88
14 90
14 91
14 92
14 93
14 94
14 95
14 97
14 100
14 101
14 102
14 103
14 110
14 116
14 117
14 119
14 121
14 126
14 128
14 129
14 130
14 131
14 133
14 134
14 135
14 143
14 153
14 160
14 162
14 164
14 177
14 178
14 179
14 182
14 205
14 212
14 225
14 232
14 244
14 266
14 278
14 281
14 302
14 312
14 313
14 317
14 320
14 335
14 353
14 362
14 373
14 384
14 390
14 395
14 431
14 432
14 453
14 454
14 473
14 485
14 488
14 540
14 541
14 544
14 546
14 563
14 577
14 579
14 603
14 604
14 623
14 715
15 16
15 17
15 18
15 19
15 20
15 21
15 22
15 24
15 28
15 31
15 34
15 37
15 40
15 42
15 45
15 48
15 54
15 58
15 62
15 67
15 72
15 74
15 81
15 87
15 88
15 89
15 91
15 93
15 94
15 99
15 100
15 102
15 108
15 116
15 119
15 122
15 124
15 130
15 134
15 136
15 145
15 152
15 160
15 163
15 164
15 169
15 184
15 238
15 251
15 260
15 266
15 267
15 281
15 302
15 350
15 384
15 404
15 507
15 525
15 535
15 596
15 598
15 603
15 604
15 624
15 753
15 775
16 17
16 18
16 19
16 20
16 21
16 24
16 25
16 26
16 27
16 28
16 29
16 30
16 31
16 34
16 36
16 37
16 41
16 42
16 46
16 48
16 50
16 51
16 52
16 53
16 54
16 55
16 56
16 57
16 58
16 60
16 61
16 62
16 67
16 68
16 72
16 73
16 74
16 81
16 82
16 83
16 86
16 87
16 88
16 89
16 90
16 91
16 92
16 93
16 95
16 100
16 101
16 102
16 103
16 107
16 116
16 118
16 119
16 120
16 121
16 122
16 123
16 126
16 128
16 129
16 130
16 132
16 133
16 134
16 135
16 136
16 140
16 142
16 152
16 160
16 163
16 166
16 169
16 177
16 178
16 179
16 192
16 206
16 211
16 216
16 221
16 229
16 244
16 266
16 274
16 284
16 294
16 295
16 296
16 300
16 302
16 348
16 382
16 384
16 393
16 423
16 428
16 431
16 445
16 453
16 454
16 492
16 495
16 671
16 672
16 728
17 18
17 19
17 20
17 37
17 53
17 54
17 63
17 88
17 91
17 122
17 137
17 162
17 171
17 172
17 339
17 467
17 564
18 19
18 20
18 21
18 22
18 23
18 24
18 26
18 28
18 29
18 31
18 32
18 33
18 34
18 35
18 36
18 37
18 38
18 39
18 41
18 42
18 45
18 48
18 50
18 51
18 52
18 53
18 54
18 56
18 57
18 58
18 62
18 64
18 66
18 67
18 68
18 71
18 72
18 73
18 74
18 76
18 79
18 81
18 83
18 84
18 86
18 87
18 88
18 90
18 91
18 92
18 93
18 94
18 95
18 96
18 97
18 98
18 99
18 100
18 101
18 102
18 103
18 106
18 109
18 110
18 116
18 117
18 118
18 119
18 120
18 121
18 125
18 126
18 128
18 129
18 130
18 132
18 134
18 135
18 136
18 137
18 142
18 143
18 145
18 147
18 149
18 152
18 153
18 162
18 163
18 164
18 166
18 169
18 171
18 178
18 179
18 183
18 191
18 192
18 208
18 211
18 217
18 218
18 219
18 221
18 232
18 246
18 253
18 267
18 277
18 280
18 281
18 282
18 283
18 293
18 299
18 302
18 306
18 311
18 312
18 313
18 314
18 315
18 319
18 324
18 338
18 345
18 356
18 375
18 387
18 388
18 419
18 428
18 429
18 455
18 467
18 487
18 493
18 508
18 512
18 563
18 567
18 577
18 595
18 616
18 617
18 660
18 662
18 671
18 672
18 682
18 683
18 694
18 698
18 703
18 765
19 20
19 24
19 26
19 28
19 31
19 32
19 34
19 35
19 36
19 37
19 38
19 39
19 42
19 43
19 45
19 48
19 60
19 62
19 67
19 68
19 74
19 81
19 83
19 86
19 87
19 88
19 89
19 94
19 95
19 99
19 101
19 102
19 106
19 107
19 109
19 116
19 117
19 120
19 126
19 128
19 129
19 130
19 132
19 135
19 142
19 148
19 151
19 153
19 160
19 162
19 164
19 176
19 178
19 179
19 183
19 205
19 211
19 226
19 248
19 265
19 266
19 276
19 293
19 302
19 330
19 331
19 344
19 350
19 368
19 382
19 394
19 400
19 419
19 506
19 560
19 659
19 660
20 23
20 26
20 35
20 36
20 37
20 41
20 73
20 84
20 87
20 88
20 121
20 128
20 129
20 145
20 160
20 162
20 556
21 22
21 23
21 24
21 26
21 27
21 28
21 30
21 32
21 34
21 36
21 38
21 41
21 45
21 51
21 52
21 54
21 57
21 66
21 68
21 72
21 76
21 81
21 83
21 84
21 87
21 89
21 90
21 93
21 94
21 95
21 101
21 103
21 109
21 111
21 116
21 119
21 120
21 128
21 129
21 132
21 134
21 136
21 145
21 160
21 162
21 169
21 172
21 177
21 182
21 200
21 243
21 244
21 245
21 262
21 293
21 324
21 328
21 340
21 341
21 345
21 384
21 423
21 428
21 433
21 449
21 461
21 509
21 517
21 561
21 689
21 694
21 696
21 708
21 728
22 23
22 24
22 26
22 27
22 28
22 31
22 32
22 34
22 35
22 36
22 37
22 38
22 41
22 42
22 56
22 57
22 58
22 62
22 68
22 74
22 77
22 81
22 83
22 87
22 88
22 90
22 92
22 93
22 94
22 103
22 109
22 116
22 117
22 118
22 120
22 122
22 123
22 126
22 130
22 131
22 136
22 145
22 146
22 149
22 152
22 164
22 166
22 169
22 179
22 208
22 209
22 220
22 221
22 267
22 346
22 384
22 401
22 402
22 403
22 477
22 494
23 26
23 28
23 38
23 42
23 44
23 56
23 62
23 72
23 73
23 76
23 116
23 118
23 129
23 131
23 163
23 182
23 183
23 194
23 282
23 293
23 660
24 25
24 26
24 27
24 28
24 31
24 32
24 37
24 38
24 39
24 41
24 42
24 45
24 46
24 48
24 51
24 52
24 56
24 57
24 60
24 66
24 67
24 68
24 72
24 73
24 74
24 77
24 81
24 83
24 84
24 87
24 88
24 90
24 93
24 99
24 102
24 106
24 110
24 112
24 116
24 117
24 120
24 122
24 123
24 130
24 131
24 134
24 136
24 143
24 145
24 151
24 152
24 160
24 162
24 164
24 166
24 169
24 177
24 178
24 179
24 182
24 183
24 208
24 211
24 216
24 241
24 242
24 248
24 260
24 276
24 315
24 333
24 360
24 369
24 370
24 372
24 375
24 385
24 386
24 436
24 444
24 469
24 492
24 494
24 501
24 510
24 592
24 600
24 641
24 698
24 729
24 734
24 745
24 749
24 773
25 28
25 35
25 36
25 38
25 41
25 42
25 48
25 51
25 52
25 54
25 56
25 62
25 66
25 81
25 83
25 87
25 88
25 92
25 93
25 95
25 97
25 100
25 103
25 109
25 115
25 116
25 122
25 126
25 130
25 132
25 135
25 151
25 160
25 163
25 164
25 176
25 179
25 181
25 182
25 205
25 206
25 253
25 267
25 281
25 302
25 361
25 386
25 550
25 582
25 641
25 689
25 709
25 710
25 737
26 27
26 28
26 29
26 31
26 32
26 34
26 36
26 37
26 38
26 42
26 45
26 46
26 47
26 50
26 51
26 54
26 56
26 57
26 58
26 60
26 62
26 67
26 68
26 74
26 75
26 76
26 81
26 83
26 84
26 87
26 90
26 92
26 94
26 99
26 101
26 102
26 103
26 109
26 116
26 119
26 120
26 123
26 126
26 129
26 130
26 131
26 132
26 133
26 135
26 136
26 142
26 145
26 149
26 150
26 151
26 152
26 153
26 154
26 162
26 172
26 175
26 177
26 179
26 209
26 216
26 221
26 224
26 227
26 228
26 258
26 273
26 277
26 278
26 293
26 297
26 298
26 302
26 334
26 344
26 366
26 377
26 386
26 395
26 406
26 410
26 419
26 422
26 428
26 508
26 509
26 556
26 557
26 565
26 589
26 590
26 602
26 617
26 623
26 639
26 659
26 681
26 728
26 732
26 745
26 755
26 771
27 28
27 36
27 39
27 41
27 60
27 62
27 81
27 88
27 162
27 288
27 492
27 712
28 31
28 32
28 34
28 35
28 36
28 37
28 38
28 39
28 40
28 42
28 43
28 45
28 48
28 51
28 54
28 56
28 57
28 58
28 60
28 62
28 66
28 67
28 68
28 71
28 72
28 73
28 74
28 76
28 78
28 79
28 81
28 82
28 83
28 84
28 87
28 88
28 89
28 90
28 92
28 93
28 94
28 99
28 101
28 102
28 103
28 104
28 109
28 111
28 112
28 113
28 114
28 116
28 117
28 118
28 119
28 120
28 122
28 126
28 128
28 130
28 131
28 132
28 134
28 135
28 139
28 142
28 143
28 144
28 145
28 149
28 152
28 153
28 160
28 162
28 163
28 164
28 166
28 172
28 175
28 178
28 179
28 180
28 181
28 183
28 186
28 192
28 194
28 210
28 225
28 226
28 230
28 248
28 258
28 265
28 266
28 270
28 293
28 302
28 310
28 311
28 318
28 349
28 357
28 369
28 375
28 384
28 424
28 428
28 457
28 458
28 476
28 477
28 492
28 509
28 520
28 550
28 589
28 590
28 615
28 657
28 658
28 681
28 693
28 720
28 721
28 744
28 759
28 760
28 767
29 34
29 35
29 37
29 38
29 39
29 48
29 50
29 51
29 53
29 54
29 57
29 60
29 62
29 66
29 67
29 68
29 72
29 74
29 84
29 86
29 87
29 89
29 90
29 91
29 94
29 100
29 101
29 102
29 111
29 116
29 117
29 119
29 126
29 128
29 131
29 134
29 136
29 141
29 152
29 162
29 169
29 178
29 179
29 182
29 225
29 231
29 290
29 298
29 332
29 337
29 428
29 544
29 581
29 597
29 625
29 671
29 672
29 684
30 31
30 32
30 33
30 36
30 37
30 41
30 77
30 83
30 106
30 134
30 139
30 359
30 591
31 32
31 33
31 34
31 35
31 36
31 37
31 38
31 39
31 41
31 48
31 51
31 52
31 53
31 54
31 56
31 57
31 58
31 62
31 63
31 64
31 66
31 67
31 68
31 69
31 72
31 73
31 74
31 81
31 82
31 87
31 88
31 89
31 90
31 92
31 94
31 99
31 100
31 101
31 102
31 103
31 104
31 106
31 109
31 110
31 111
31 116
31 117
31 118
31 119
31 122
31 123
31 126
31 127
31 128
31 129
31 130
31 134
31 142
31 145
31 152
31 153
31 159
31 160
31 162
31 163
31 164
31 177
31 178
31 179
31 182
31 224
31 225
31 246
31 248
31 265
31 266
31 267
31 276
31 278
31 281
31 282
31 287
31 302
31 320
31 375
31 384
31 395
31 397
31 398
31 416
31 447
31 448
31 449
31 471
31 476
31 480
31 481
31 495
31 506
31 514
31 535
31 550
31 642
31 643
31 644
31 648
31 715
31 755
32 33
32 34
32 35
32 36
32 37
32 38
32 39
32 40
32 41
32 42
32 45
32 48
32 50
32 51
32 53
32 54
32 56
32 58
32 62
32 64
32 67
32 68
32 72
32 74
32 83
32 86
32 87
32 88
32 90
32 92
32 94
32 99
32 101
32 102
32 103
32 106
32 107
32 111
32 112
32 116
32 117
32 120
32 123
32 126
32 129
32 130
32 131
32 132
32 139
32 145
32 148
32 149
32 152
32 153
32 160
32 162
32 164
32 169
32 174
32 175
32 176
32 179
32 180
32 181
32 183
32 184
32 216
32 225
32 226
32 248
32 266
32 268
32 276
32 281
32 297
32 334
32 338
32 339
32 371
32 386
32 390
32 391
32 401
32 402
32 403
32 431
32 434
32 449
32 461
32 490
32 491
32 653
32 658
32 681
32 689
32 696
32 701
32 741
32 752
32 769
33 37
33 38
33 72
33 74
33 87
33 88
33 91
33 93
33 105
33 106
33 152
33 160
33 169
33 207
33 682
34 35
34 37
34 41
34 50
34 53
34 54
34 57
34 58
34 62
34 67
34 68
34 72
34 73
34 74
34 75
34 77
34 81
34 83
34 84
34 87
34 88
34 89
34 90
34 91
34 92
34 93
34 95
34 99
34 101
34 102
34 108
34 114
34 119
34 123
34 125
34 126
34 129
34 130
34 131
34 132
34 134
34 137
34 140
34 142
34 145
34 152
34 164
34 166
34 169
34 172
34 178
34 184
34 201
34 220
34 221
34 225
34 229
34 230
34 231
34 248
34 251
34 253
34 254
34 264
34 266
34 267
34 275
34 293
34 299
34 314
34 315
34 362
34 401
34 402
34 403
34 454
34 608
34 616
34 617
34 660
35 36
35 37
35 38
35 40
35 41
35 42
35 45
35 48
35 57
35 58
35 62
35 63
35 67
35 68
35 72
35 73
35 74
35 83
35 84
35 88
35 89
35 90
35 91
35 101
35 102
35 104
35 109
35 116
35 117
35 118
35 126
35 128
35 129
35 152
35 153
35 162
35 163
35 169
35 179
35 180
35 181
35 190
35 205
35 248
35 267
35 324
35 375
35 528
35 529
35 641
36 37
36 39
36 41
36 42
36 43
36 44
36 45
36 46
36 47
36 48
36 52
36 57
36 58
36 66
36 68
36 73
36 81
36 84
36 87
36 88
36 89
36 90
36 92
36 93
36 94
36 95
36 100
36 101
36 102
36 103
36 104
36 109
36 111
36 112
36 115
36 116
36 117
36 118
36 119
36 126
36 128
36 129
36 131
36 132
36 136
36 152
36 155
36 160
36 162
36 164
36 167
36 176
36 178
36 183
36 189
36 205
36 225
36 256
36 257
36 258
36 266
36 302
36 311
36 317
36 334
36 337
36 361
36 375
36 387
36 388
36 445
36 492
36 500
36 532
36 556
36 601
36 615
36 694
37 38
37 39
37 40
37 41
37 42
37 45
37 48
37 50
37 51
37 52
37 54
37 56
37 57
37 58
37 59
37 60
37 62
37 63
37 64
37 65
37 67
37 68
37 72
37 73
37 74
37 77
37 81
37 83
37 84
37 87
37 88
37 89
37 90
37 91
37 92
37 93
37 94
37 95
37 96
37 98
37 99
37 100
37 101
37 102
37 103
37 107
37 108
37 109
37 116
37 117
37 119
37 120
37 122
37 126
37 127
37 128
37 129
37 130
37 131
37 132
37 135
37 136
37 137
37 138
37 145
37 149
37 152
37 153
37 160
37 162
37 163
37 164
37 169
37 171
37 175
37 178
37 179
37 183
37 189
37 190
37 203
37 204
37 205
37 217
37 221
37 225
37 226
37 229
37 238
37 244
37 248
37 249
37 266
37 267
37 281
37 282
37 290
37 292
37 297
37 299
37 302
37 307
37 308
37 309
37 317
37 318
37 321
37 324
37 338
37 339
37 347
37 355
37 359
37 365
37 366
37 375
37 384
37 386
37 387
37 388
37 390
37 391
37 398
37 399
37 401
37 402
37 403
37 412
37 413
37 431
37 473
37 488
37 493
37 522
37 523
37 567
37 579
37 584
37 598
37 614
37 622
37 662
37 672
37 688
37 722
37 726
37 729
37 733
37 761
37 762
37 769
38 41
38 42
38 45
38 48
38 54
38 56
38 60
38 62
38 67
38 72
38 74
38 76
38 77
38 81
38 83
38 84
38 87
38 88
38 90
38 94
38 95
38 98
38 101
38 102
38 103
38 106
38 107
38 109
38 111
38 116
38 118
38 119
38 126
38 131
38 132
38 134
38 136
38 137
38 152
38 160
38 162
38 166
38 169
38 172
38 174
38 175
38 176
38 178
38 182
38 199
38 225
38 254
38 266
38 267
38 318
38 324
38 375
38 384
38 411
38 461
38 469
38 496
38 509
38 562
38 583
38 584
38 587
38 588
38 592
38 636
38 637
38 638
38 641
38 651
38 652
38 682
38 742
39 40
39 42
39 51
39 56
39 58
39 62
39 66
39 67
39 68
39 72
39 81
39 83
39 86
39 87
39 88
39 90
39 92
39 95
39 97
39 102
39 104
39 116
39 117
39 123
39 130
39 134
39 135
39 143
39 145
39 148
39 160
39 169
39 177
39 183
39 237
39 244
39 249
39 259
39 262
39 277
39 281
39 300
39 312
39 313
39 375
39 406
39 419
39 428
39 437
39 444
39 470
39 501
39 502
39 503
39 522
39 523
39 577
39 691
40 42
40 45
40 52
40 56
40 61
40 62
40 68
40 72
40 81
40 83
40 88
40 89
40 91
40 101
40 102
40 116
40 126
40 129
40 131
40 132
40 143
40 152
40 164
40 171
40 172
40 190
40 203
40 204
40 227
40 246
40 266
40 317
40 366
40 378
40 379
40 387
40 439
40 470
40 535
40 553
40 650
41 42
41 45
41 50
41 54
41 56
41 57
41 58
41 59
41 61
41 62
41 64
41 67
41 68
41 72
41 73
41 74
41 76
41 77
41 78
41 81
41 83
41 84
41 86
41 87
41 88
41 89
41 90
41 91
41 92
41 93
41 94
41 101
41 102
41 103
41 109
41 116
41 119
41 120
41 128
41 129
41 130
41 132
41 134
41 135
41 136
41 137
41 142
41 153
41 155
41 162
41 169
41 179
41 182
41 205
41 212
41 213
41 216
41 224
41 248
41 255
41 295
41 302
41 303
41 310
41 317
41 324
41 344
41 402
41 408
41 409
41 420
41 431
41 443
41 444
41 454
41 463
41 464
41 476
41 508
41 521
41 533
41 567
41 578
41 584
41 654
41 750
42 44
42 45
42 46
42 48
42 51
42 52
42 53
42 54
42 56
42 57
42 58
42 60
42 61
42 63
42 67
42 68
42 71
42 72
42 74
42 76
42 81
42 82
42 83
42 84
42 86
42 87
42 89
42 91
42 93
42 94
42 97
42 99
42 100
42 101
42 102
42 110
42 111
42 112
42 116
42 117
42 119
42 122
42 123
42 129
42 130
42 131
42 132
42 134
42 135
42 142
42 143
42 145
42 152
42 160
42 161
42 163
42 166
42 169
42 171
42 172
42 177
42 178
42 179
42 182
42 183
42 189
42 190
42 192
42 212
42 226
42 246
42 248
42 249
42 254
42 262
42 265
42 267
42 277
42 278
42 281
42 297
42 298
42 302
42 338
42 350
42 355
42 366
42 369
42 375
42 381
42 384
42 400
42 420
42 422
42 423
42 439
42 445
42 451
42 452
42 466
42 472
42 495
42 508
42 511
42 547
42 553
42 577
42 589
42 590
42 595
42 607
42 641
42 645
42 660
42 729
42 738
43 44
43 45
43 46
43 47
43 58
43 83
43 100
43 101
43 102
43 109
43 116
43 126
43 135
43 169
43 178
43 179
43 211
43 357
43 394
43 583
43 610
43 611
43 612
43 669
44 45
44 46
44 47
44 101
44 131
44 163
44 182
44 660
45 46
45 47
45 48
45 51
45 52
45 54
45 56
45 57
45 58
45 60
45 61
45 62
45 67
45 68
45 72
45 73
45 74
45 76
45 81
45 83
45 84
45 85
45 86
45 87
45 88
45 89
45 91
45 93
45 95
45 99
45 100
45 101
45 102
45 103
45 106
45 107
45 108
45 109
45 111
45 116
45 119
45 120
45 126
45 128
45 129
45 130
45 131
45 132
45 134
45 135
45 142
45 151
45 152
45 155
45 156
45 157
45 158
45 160
45 163
45 168
45 169
45 175
45 178
45 179
45 182
45 183
45 189
45 190
45 216
45 217
45 218
45 219
45 226
45 238
45 242
45 248
45 258
45 266
45 277
45 289
45 293
45 297
45 302
45 304
45 340
45 341
45 359
45 360
45 375
45 405
45 421
45 428
45 439
45 460
45 525
45 592
45 593
45 622
45 680
45 717
45 724
45 772
46 47
46 58
46 67
46 72
46 73
46 81
46 86
46 87
46 88
46 93
46 100
46 102
46 106
46 107
46 109
46 128
46 152
46 248
46 267
46 297
46 298
46 359
46 369
46 370
46 471
46 492
46 699
46 700
47 51
47 179
48 49
48 54
48 57
48 63
48 66
48 72
48 77
48 78
48 81
48 84
48 86
48 87
48 88
48 90
48 92
48 100
48 101
48 104
48 107
48 108
48 112
48 119
48 126
48 129
48 130
48 131
48 135
48 136
48 141
48 145
48 160
48 162
48 163
48 180
48 181
48 211
48 231
48 267
48 298
48 302
48 319
48 344
48 392
48 476
48 477
48 541
48 580
48 597
48 615
48 719
48 766
50 51
50 52
50 53
50 54
50 55
50 56
50 57
50 61
50 72
50 74
50 81
50 84
50 87
50 90
50 91
50 101
50 102
50 107
50 112
50 116
50 119
50 120
50 128
50 134
50 135
50 147
50 166
50 169
50 178
50 183
50 205
50 212
50 221
50 227
50 293
50 302
50 332
50 459
50 476
50 485
50 508
50 616
50 617
50 716
51 52
51 53
51 54
51 55
51 56
51 57
51 62
51 63
51 72
51 73
51 74
51 81
51 86
51 87
51 89
51 90
51 91
51 93
51 94
51 95
51 110
51 111
51 112
51 116
51 119
51 125
51 126
51 128
51 130
51 132
51 134
51 142
51 145
51 150
51 151
51 152
51 153
51 154
51 159
51 160
51 162
51 163
51 164
51 169
51 175
51 177
51 178
51 179
51 183
51 221
51 222
51 226
51 237
51 238
51 253
51 266
51 278
51 282
51 333
51 345
51 382
51 398
51 410
51 412
51 413
51 424
51 428
51 450
51 455
51 569
51 570
51 571
51 572
51 724
51 737
51 749
52 53
52 54
52 55
52 56
52 57
52 62
52 66
52 68
52 71
52 73
52 74
52 84
52 86
52 88
52 89
52 90
52 91
52 92
52 95
52 102
52 117
52 122
52 128
52 129
52 131
52 132
52 134
52 135
52 139
52 143
52 145
52 152
52 163
52 177
52 183
52 191
52 192
52 221
52 226
52 229
52 255
52 264
52 266
52 277
52 298
52 324
52 327
52 340
52 341
52 349
52 378
52 379
52 385
52 386
52 387
52 471
52 566
52 704
52 705
53 54
53 55
53 56
53 57
53 60
53 62
53 66
53 67
53 74
53 77
53 87
53 99
53 100
53 102
53 103
53 106
53 116
53 119
53 130
53 131
53 134
53 145
53 157
53 162
53 163
53 177
53 179
53 194
53 212
53 226
53 253
53 282
53 358
53 384
53 423
53 478
53 479
53 493
53 625
54 55
54 56
54 57
54 58
54 62
54 66
54 67
54 68
54 72
54 73
54 74
54 81
54 83
54 84
54 86
54 87
54 90
54 91
54 92
54 93
54 95
54 100
54 101
54 102
54 103
54 116
54 117
54 119
54 122
54 126
54 128
54 131
54 132
54 136
54 137
54 144
54 145
54 149
54 160
54 162
54 163
54 164
54 169
54 172
54 177
54 179
54 182
54 183
54 192
54 206
54 216
54 217
54 226
54 235
54 238
54 248
54 250
54 254
54 266
54 267
54 277
54 287
54 292
54 302
54 312
54 332
54 339
54 353
54 359
54 361
54 365
54 366
54 375
54 384
54 395
54 396
54 431
54 487
54 490
54 495
54 509
54 511
54 540
54 545
54 550
54 562
54 567
54 613
54 645
54 724
54 765
55 56
55 57
56 57
56 58
56 59
56 60
56 62
56 66
56 67
56 68
56 71
56 72
56 73
56 74
56 76
56 77
56 81
56 83
56 87
56 88
56 89
56 90
56 91
56 92
56 95
56 96
56 100
56 101
56 102
56 103
56 109
56 111
56 116
56 117
56 119
56 123
56 126
56 128
56 129
56 130
56 132
56 134
56 142
56 143
56 145
56 152
56 160
56 162
56 163
56 164
56 166
56 169
56 171
56 172
56 175
56 178
56 179
56 181
56 183
56 186
56 187
56 224
56 238
56 245
56 248
56 253
56 259
56 265
56 267
56 271
56 293
56 297
56 346
56 368
56 369
56 387
56 398
56 403
56 435
56 438
56 457
56 470
56 471
56 472
56 494
56 536
56 567
56 618
56 623
56 662
56 701
56 703
56 709
56 710
56 727
57 60
57 62
57 67
57 72
57 73
57 74
57 81
57 83
57 86
57 87
57 88
57 90
57 91
57 92
57 101
57 102
57 103
57 112
57 116
57 117
57 119
57 126
57 131
57 132
57 134
57 142
57 143
57 144
57 145
57 149
57 152
57 160
57 161
57 169
57 172
57 174
57 177
57 178
57 179
57 182
57 191
57 192
57 193
57 205
57 211
57 221
57 227
57 228
57 248
57 266
57 282
57 302
57 324
57 326
57 350
57 375
57 431
57 445
57 453
57 454
57 486
57 487
57 551
57 589
57 590
57 632
57 633
57 694
58 62
58 67
58 68
58 72
58 73
58 82
58 83
58 84
58 85
58 86
58 87
58 89
58 91
58 93
58 94
58 100
58 101
58 102
58 103
58 109
58 111
58 112
58 119
58 120
58 121
58 122
58 123
58 128
58 130
58 140
58 145
58 147
58 152
58 160
58 163
58 164
58 169
58 178
58 179
58 206
58 216
58 258
58 265
58 267
58 281
58 293
58 309
58 357
58 359
58 369
58 382
58 390
58 391
58 396
58 422
58 472
58 495
58 528
58 529
58 751
59 60
59 61
59 72
59 73
59 74
59 88
59 91
59 92
59 102
59 103
59 107
59 112
59 224
59 362
59 408
59 409
59 467
59 470
59 471
60 61
60 62
60 63
60 67
60 68
60 73
60 74
60 78
60 79
60 81
60 87
60 99
60 100
60 119
60 121
60 129
60 130
60 131
60 132
60 134
60 141
60 142
60 143
60 157
60 160
60 161
60 162
60 177
60 178
60 183
60 199
60 282
60 302
60 381
60 386
60 423
60 471
60 478
60 479
60 492
60 520
60 533
60 571
60 589
60 590
60 614
60 625
61 66
61 67
61 73
61 81
61 88
61 91
61 92
61 102
61 108
61 183
61 246
61 318
61 375
61 439
61 593
62 63
62 67
62 68
62 72
62 73
62 74
62 81
62 82
62 83
62 84
62 87
62 88
62 89
62 90
62 92
62 93
62 99
62 100
62 101
62 102
62 103
62 106
62 109
62 117
62 118
62 119
62 120
62 126
62 128
62 129
62 130
62 131
62 132
62 135
62 139
62 142
62 143
62 152
62 160
62 162
62 164
62 169
62 170
62 175
62 177
62 179
62 181
62 183
62 224
62 234
62 244
62 249
62 270
62 282
62 293
62 302
62 310
62 324
62 359
62 375
62 380
62 390
62 396
62 457
62 462
62 491
62 522
62 523
62 603
62 604
62 658
62 672
62 681
62 697
62 744
62 757
62 769
63 73
63 81
63 89
63 101
63 107
63 109
63 118
63 135
63 137
63 152
63 160
63 177
63 333
63 564
63 664
63 665
63 666
63 711
64 65
64 72
64 73
64 74
64 81
64 88
64 92
64 94
64 103
64 160
64 255
64 741
65 72
65 101
65 175
66 67
66 68
66 72
66 73
66 74
66 83
66 84
66 88
66 89
66 90
66 92
66 99
66 116
66 117
66 119
66 120
66 126
66 131
66 136
66 139
66 144
66 145
66 152
66 164
66 179
66 182
66 183
66 194
66 241
66 242
66 245
66 248
66 259
66 293
66 302
66 312
66 313
66 317
66 334
66 361
66 392
66 425
66 550
66 554
66 629
66 703
66 713
66 714
67 68
67 71
67 72
67 73
67 74
67 77
67 83
67 84
67 87
67 88
67 89
67 91
67 94
67 98
67 99
67 100
67 101
67 102
67 109
67 111
67 115
67 117
67 118
67 119
67 120
67 126
67 128
67 129
67 130
67 131
67 132
67 134
67 135
67 136
67 145
67 151
67 162
67 163
67 164
67 170
67 177
67 178
67 179
67 182
67 202
67 216
67 224
67 225
67 226
67 248
67 262
67 266
67 310
67 318
67 320
67 335
67 350
67 360
67 386
67 423
67 427
67 434
67 446
67 449
67 476
67 513
67 551
67 593
67 603
67 604
67 614
67 625
67 673
67 674
67 675
67 676
67 717
67 735
67 736
67 745
67 768
68 69
68 70
68 72
68 73
68 74
68 77
68 79
68 80
68 81
68 87
68 88
68 89
68 90
68 92
68 93
68 94
68 95
68 100
68 101
68 102
68 103
68 106
68 109
68 116
68 117
68 119
68 126
68 129
68 131
68 132
68 134
68 135
68 136
68 142
68 145
68 152
68 162
68 163
68 164
68 169
68 170
68 171
68 172
68 173
68 177
68 178
68 182
68 190
68 192
68 198
68 216
68 225
68 226
68 244
68 251
68 252
68 266
68 275
68 276
68 281
68 302
68 310
68 317
68 324
68 331
68 340
68 341
68 350
68 351
68 352
68 390
68 391
68 428
68 429
68 451
68 454
68 470
68 502
68 503
68 518
68 520
68 542
68 543
68 556
68 573
68 627
68 689
68 713
68 714
68 725
69 70
69 116
69 153
71 72
71 73
71 74
71 88
71 94
71 109
71 116
71 122
71 134
71 177
71 375
71 547
72 73
72 74
72 77
72 78
72 81
72 82
72 83
72 84
72 86
72 87
72 88
72 90
72 92
72 93
72 95
72 99
72 100
72 101
72 102
72 103
72 111
72 112
72 116
72 117
72 118
72 119
72 120
72 121
72 126
72 127
72 128
72 129
72 130
72 131
72 134
72 136
72 137
72 139
72 145
72 147
72 149
72 152
72 153
72 163
72 169
72 175
72 178
72 179
72 182
72 183
72 211
72 212
72 221
72 222
72 227
72 238
72 241
72 242
72 262
72 267
72 277
72 278
72 281
72 299
72 302
72 312
72 332
72 344
72 366
72 367
72 373
72 398
72 432
72 454
72 455
72 467
72 498
72 511
72 541
72 548
72 553
72 574
72 575
72 580
72 598
72 628
72 655
72 656
72 657
72 658
72 663
72 671
72 672
72 708
72 724
72 772
73 74
73 76
73 80
73 81
73 83
73 84
73 87
73 88
73 91
73 92
73 94
73 97
73 99
73 101
73 103
73 109
73 112
73 116
73 118
73 119
73 120
73 128
73 130
73 131
73 134
73 135
73 140
73 142
73 145
73 152
73 153
73 160
73 162
73 163
73 178
73 183
73 184
73 198
73 217
73 225
73 239
73 244
73 267
73 281
73 295
73 302
73 312
73 315
73 318
73 359
73 365
73 375
73 384
73 398
73 412
73 413
73 443
73 444
73 467
73 512
73 516
73 517
73 518
73 528
73 529
73 551
73 568
73 592
73 600
73 654
74 75
74 81
74 82
74 83
74 86
74 87
74 88
74 89
74 90
74 91
74 93
74 94
74 95
74 99
74 100
74 101
74 102
74 103
74 109
74 110
74 112
74 116
74 117
74 119
74 122
74 126
74 129
74 130
74 134
74 142
74 145
74 146
74 149
74 152
74 153
74 160
74 162
74 164
74 169
74 171
74 174
74 175
74 176
74 179
74 194
74 205
74 225
74 227
74 238
74 240
74 244
74 246
74 248
74 260
74 265
74 266
74 268
74 281
74 295
74 302
74 304
74 350
74 353
74 362
74 372
74 386
74 400
74 410
74 471
74 480
74 481
74 484
74 485
74 535
74 567
74 596
74 621
74 682
74 724
75 81
75 121
75 152
75 169
75 298
75 468
76 77
76 89
76 92
76 93
76 100
76 103
76 108
76 109
76 116
76 128
76 129
76 132
76 145
76 152
76 171
76 183
76 194
76 232
76 267
76 400
76 421
76 443
76 444
76 457
76 504
76 505
76 547
76 550
76 732
76 771
77 83
77 93
77 101
77 103
77 106
77 116
77 117
77 139
77 142
77 166
77 224
77 226
77 275
77 344
77 359
77 381
77 451
77 494
77 548
77 585
77 591
78 79
78 130
78 179
78 182
78 344
78 549
78 580
79 100
79 135
79 428
79 429
81 82
81 83
81 84
81 87
81 88
81 90
81 91
81 92
81 93
81 94
81 95
81 96
81 97
81 98
81 99
81 100
81 101
81 102
81 103
81 109
81 110
81 112
81 114
81 116
81 119
81 121
81 123
81 126
81 128
81 129
81 130
81 131
81 132
81 134
81 135
81 142
81 143
81 145
81 152
81 160
81 161
81 162
81 164
81 171
81 172
81 173
81 175
81 177
81 179
81 183
81 192
81 200
81 205
81 216
81 225
81 226
81 238
81 239
81 242
81 245
81 255
81 256
81 266
81 267
81 277
81 293
81 300
81 302
81 304
81 321
81 337
81 359
81 375
81 382
81 384
81 386
81 398
81 402
81 406
81 407
81 419
81 433
81 444
81 445
81 471
81 488
81 495
81 501
81 510
81 530
81 540
81 545
81 546
81 550
81 561
81 598
81 632
81 633
81 686
81 699
81 700
81 701
81 712
81 746
81 747
81 755
81 772
81 775
82 87
82 88
82 92
82 94
82 95
82 101
82 103
82 109
82 111
82 112
82 116
82 117
82 119
82 120
82 121
82 122
82 123
82 178
82 179
82 183
82 186
82 199
82 266
82 281
82 315
82 462
82 628
83 84
83 85
83 86
83 87
83 88
83 89
83 91
83 92
83 93
83 94
83 95
83 100
83 101
83 102
83 106
83 107
83 111
83 116
83 117
83 120
83 126
83 128
83 129
83 134
83 135
83 136
83 142
83 144
83 148
83 161
83 162
83 166
83 169
83 177
83 181
83 182
83 208
83 226
83 248
83 256
83 312
83 327
83 330
83 331
83 369
83 410
83 423
83 431
83 432
83 494
83 538
83 539
83 583
83 598
83 610
83 611
83 612
83 620
83 657
83 729
83 745
84 85
84 86
84 87
84 88
84 89
84 90
84 91
84 92
84 93
84 95
84 98
84 99
84 101
84 111
84 112
84 116
84 119
84 122
84 130
84 134
84 135
84 136
84 139
84 141
84 145
84 149
84 160
84 162
84 163
84 164
84 182
84 205
84 212
84 213
84 216
84 221
84 231
84 239
84 273
84 298
84 310
84 311
84 359
84 375
84 396
84 597
84 734
85 86
86 92
86 94
86 95
86 116
86 134
86 145
86 148
86 160
86 169
86 191
86 195
86 196
86 197
86 216
86 238
86 671
86 672
86 704
86 705
86 724
87 88
87 89
87 90
87 91
87 93
87 94
87 95
87 99
87 100
87 102
87 103
87 104
87 109
87 111
87 112
87 116
87 117
87 118
87 119
87 120
87 121
87 122
87 123
87 126
87 128
87 129
87 130
87 132
87 134
87 135
87 139
87 141
87 142
87 143
87 145
87 157
87 160
87 162
87 163
87 164
87 169
87 175
87 177
87 178
87 179
87 182
87 183
87 186
87 187
87 192
87 210
87 225
87 229
87 230
87 231
87 243
87 244
87 256
87 257
87 258
87 260
87 265
87 266
87 268
87 278
87 281
87 282
87 297
87 302
87 344
87 350
87 384
87 386
87 401
87 402
87 403
87 420
87 423
87 437
87 442
87 472
87 476
87 478
87 479
87 480
87 481
87 495
87 496
87 506
87 513
87 538
87 539
87 545
87 567
87 583
87 617
87 636
87 637
87 638
87 708
87 716
87 734
87 749
88 89
88 90
88 92
88 93
88 94
88 95
88 99
88 100
88 101
88 102
88 103
88 104
88 108
88 109
88 110
88 116
88 117
88 118
88 119
88 120
88 126
88 129
88 130
88 131
88 132
88 134
88 135
88 136
88 139
88 151
88 153
88 160
88 162
88 164
88 169
88 172
88 175
88 179
88 183
88 199
88 205
88 216
88 226
88 232
88 234
88 239
88 248
88 251
88 252
88 260
88 266
88 302
88 307
88 315
88 360
88 375
88 418
88 431
88 445
88 453
88 454
88 467
88 470
88 471
88 491
88 582
88 651
88 682
88 687
88 689
88 699
88 700
89 90
89 91
89 92
89 94
89 95
89 99
89 102
89 103
89 107
89 109
89 111
89 112
89 116
89 128
89 129
89 130
89 131
89 145
89 152
89 160
89 169
89 171
89 175
89 177
89 182
89 189
89 190
89 237
89 266
89 302
89 344
89 350
89 400
89 425
89 440
89 441
89 547
89 596
89 664
89 665
89 666
89 735
89 736
90 91
90 92
90 101
90 102
90 103
90 106
90 116
90 117
90 118
90 119
90 122
90 129
90 131
90 132
90 134
90 149
90 162
90 169
90 172
90 178
90 179
90 180
90 181
90 200
90 216
90 244
90 293
90 302
90 346
90 349
90 392
90 431
90 485
90 502
90 503
90 509
90 566
90 663
90 677
90 678
90 679
90 703
90 734
90 740
91 93
91 94
91 95
91 100
91 102
91 103
91 109
91 116
91 119
91 122
91 126
91 129
91 132
91 143
91 148
91 152
91 162
91 163
91 164
91 169
91 172
91 178
91 192
91 205
91 224
91 226
91 248
91 264
91 272
91 284
91 300
91 302
91 339
91 350
91 371
91 374
91 375
91 376
91 382
91 384
91 387
91 408
91 409
91 488
91 495
91 515
91 608
91 739
91 743
91 764
92 94
92 99
92 101
92 102
92 103
92 109
92 116
92 118
92 119
92 128
92 129
92 131
92 132
92 134
92 135
92 136
92 145
92 149
92 152
92 153
92 160
92 162
92 163
92 169
92 178
92 179
92 183
92 191
92 205
92 216
92 221
92 226
92 247
92 248
92 249
92 266
92 267
92 278
92 295
92 297
92 312
92 313
92 318
92 329
92 339
92 346
92 375
92 386
92 392
92 445
92 447
92 448
92 449
92 462
92 470
92 471
92 487
92 490
92 550
92 564
92 567
92 595
92 642
92 643
92 644
92 704
92 705
92 720
92 721
92 741
92 765
93 94
93 95
93 96
93 101
93 103
93 111
93 116
93 117
93 122
93 126
93 129
93 131
93 132
93 134
93 152
93 160
93 163
93 164
93 166
93 182
93 192
93 205
93 206
93 216
93 248
93 256
93 266
93 299
93 309
93 311
93 350
93 370
93 375
93 424
93 428
93 431
93 450
93 458
93 491
93 504
93 505
93 548
93 586
93 598
93 729
93 739
93 751
93 767
94 95
94 96
94 98
94 99
94 100
94 101
94 102
94 103
94 106
94 107
94 109
94 111
94 112
94 116
94 117
94 118
94 122
94 125
94 126
94 128
94 130
94 134
94 135
94 136
94 145
94 146
94 152
94 153
94 160
94 162
94 166
94 170
94 176
94 177
94 178
94 179
94 185
94 216
94 221
94 224
94 225
94 277
94 330
94 331
94 337
94 345
94 361
94 390
94 395
94 400
94 412
94 413
94 428
94 456
94 500
94 547
94 561
94 581
94 587
94 588
94 659
94 732
94 741
94 748
95 96
95 103
95 109
95 116
95 122
95 123
95 129
95 130
95 132
95 134
95 136
95 144
95 149
95 160
95 183
95 192
95 237
95 238
95 266
95 281
95 300
95 304
95 307
95 308
95 309
95 337
95 340
95 341
95 359
95 369
95 375
95 384
95 488
95 500
95 536
95 546
95 660
95 707
95 724
95 737
96 128
96 163
96 662
97 103
97 143
97 198
97 205
97 236
97 577
98 99
98 100
99 100
99 102
99 103
99 109
99 116
99 119
99 126
99 129
99 134
99 139
99 140
99 143
99 153
99 163
99 164
99 175
99 178
99 179
99 201
99 221
99 224
99 225
99 238
99 246
99 265
99 266
99 267
99 277
99 278
99 281
99 318
99 325
99 390
99 510
99 535
99 550
99 554
99 556
99 568
99 583
99 595
99 649
99 667
99 720
99 733
99 775
100 101
100 102
100 103
100 104
100 109
100 117
100 119
100 126
100 129
100 130
100 131
100 132
100 134
100 135
100 145
100 148
100 149
100 162
100 169
100 177
100 235
100 250
100 256
100 257
100 258
100 266
100 267
100 280
100 281
100 282
100 283
100 359
100 373
100 395
100 417
100 428
100 429
100 431
100 471
100 541
100 550
100 622
100 625
100 669
100 673
100 674
100 675
100 676
100 699
100 700
101 102
101 109
101 111
101 116
101 117
101 118
101 130
101 132
101 136
101 143
101 152
101 155
101 163
101 169
101 172
101 175
101 178
101 179
101 205
101 211
101 216
101 224
101 225
101 227
101 228
101 244
101 254
101 258
101 267
101 273
101 277
101 290
101 293
101 302
101 329
101 375
101 390
101 394
101 397
101 410
101 445
101 462
101 491
101 508
101 541
101 562
101 585
101 620
101 767
101 769
102 103
102 104
102 109
102 110
102 112
102 116
102 117
102 119
102 123
102 126
102 128
102 129
102 130
102 132
102 134
102 135
102 136
102 142
102 143
102 145
102 149
102 151
102 152
102 153
102 160
102 163
102 164
102 166
102 169
102 171
102 173
102 175
102 177
102 178
102 179
102 181
102 183
102 184
102 211
102 212
102 216
102 224
102 226
102 243
102 248
102 249
102 258
102 266
102 267
102 293
102 302
102 310
102 316
102 318
102 324
102 327
102 332
102 334
102 360
102 366
102 368
102 387
102 394
102 405
102 408
102 409
102 428
102 432
102 434
102 454
102 457
102 463
102 464
102 485
102 486
102 487
102 495
102 498
102 522
102 523
102 553
102 555
102 573
102 581
102 593
102 618
102 622
102 651
102 652
102 681
102 701
102 717
102 733
102 738
102 753
102 759
102 760
103 104
103 107
103 109
103 112
103 116
103 119
103 120
103 121
103 122
103 123
103 126
103 129
103 130
103 131
103 132
103 133
103 134
103 135
103 140
103 142
103 144
103 145
103 149
103 153
103 163
103 170
103 171
103 174
103 175
103 176
103 184
103 198
103 205
103 226
103 234
103 239
103 255
103 265
103 266
103 277
103 278
103 302
103 303
103 344
103 350
103 411
103 441
103 449
103 461
103 470
103 471
103 480
103 481
103 512
103 530
103 556
103 558
103 559
103 567
103 583
103 599
103 639
103 663
103 689
103 696
103 732
103 771
103 772
104 109
104 112
104 116
104 123
104 126
104 131
104 183
104 281
104 375
104 437
104 615
105 106
106 107
106 116
106 128
106 130
106 135
106 139
106 178
106 217
106 218
106 219
106 248
106 268
106 276
106 330
106 331
106 359
106 369
106 461
106 489
106 591
106 740
107 128
107 129
107 135
107 149
107 155
107 160
107 162
107 163
107 174
107 175
107 176
107 179
107 182
107 248
107 269
107 270
107 274
107 278
107 330
107 331
107 369
107 395
107 549
107 664
107 665
107 666
107 774
108 119
108 128
108 302
108 421
109 116
109 119
109 126
109 128
109 129
109 130
109 131
109 143
109 152
109 160
109 162
109 163
109 164
109 169
109 170
109 176
109 177
109 178
109 183
109 194
109 211
109 221
109 224
109 225
109 234
109 266
109 267
109 271
109 277
109 302
109 310
109 344
109 349
109 375
109 394
109 443
109 444
109 462
109 471
109 482
109 483
109 484
109 550
109 587
109 626
109 641
109 646
109 693
109 699
109 700
109 723
110 111
110 116
110 130
110 152
110 169
110 514
110 773
111 112
111 120
111 126
111 128
111 130
111 149
111 163
111 175
111 225
111 281
111 297
111 428
111 449
111 450
111 708
112 116
112 119
112 126
112 128
112 131
112 132
112 135
112 145
112 169
112 178
112 184
112 191
112 192
112 193
112 216
112 248
112 267
112 350
112 351
112 357
112 384
112 467
112 476
112 615
112 716
112 749
112 756
113 114
114 212
114 225
115 116
115 120
115 135
115 145
115 163
115 181
116 117
116 118
116 119
116 120
116 123
116 126
116 129
116 130
116 132
116 134
116 135
116 136
116 137
116 145
116 149
116 152
116 153
116 160
116 162
116 163
116 164
116 166
116 169
116 171
116 172
116 177
116 179
116 182
116 183
116 191
116 192
116 193
116 194
116 199
116 203
116 204
116 205
116 216
116 217
116 218
116 219
116 224
116 248
116 254
116 265
116 266
116 267
116 281
116 293
116 299
116 304
116 312
116 313
116 315
116 317
116 323
116 337
116 346
116 349
116 359
116 361
116 375
116 378
116 383
116 384
116 386
116 402
116 412
116 413
116 425
116 433
116 444
116 451
116 456
116 491
116 493
116 494
116 496
116 501
116 517
116 535
116 547
116 550
116 562
116 579
116 583
116 584
116 587
116 595
116 598
116 613
116 636
116 637
116 638
116 650
116 653
116 671
116 672
116 713
116 714
116 742
116 748
116 773
117 118
117 119
117 126
117 128
117 129
117 130
117 132
117 135
117 136
117 144
117 146
117 149
117 152
117 160
117 164
117 177
117 179
117 182
117 183
117 199
117 211
117 225
117 250
117 259
117 266
117 282
117 293
117 298
117 315
117 322
117 350
117 355
117 362
117 390
117 393
117 415
117 416
117 457
117 475
117 582
117 585
117 729
118 119
118 123
118 136
118 145
118 152
118 153
118 177
118 191
118 240
118 266
118 335
118 445
118 690
118 711
119 126
119 128
119 129
119 130
119 131
119 134
119 139
119 140
119 145
119 152
119 159
119 160
119 162
119 164
119 167
119 177
119 178
119 183
119 192
119 210
119 212
119 216
119 225
119 226
119 240
119 247
119 248
119 249
119 281
119 302
119 310
119 344
119 353
119 362
119 382
119 398
119 403
119 406
119 433
119 463
119 464
119 466
119 540
119 550
119 565
119 568
119 617
119 625
119 689
120 121
120 122
120 123
120 128
120 129
120 145
120 153
120 208
120 241
120 242
120 248
120 289
120 334
120 459
120 708
121 122
121 123
121 152
121 183
121 298
122 123
122 130
122 134
122 145
122 149
122 160
122 162
122 172
122 233
122 325
122 339
122 384
122 527
122 734
123 129
123 131
123 132
123 145
123 160
123 220
123 225
123 278
123 281
123 350
123 437
123 438
123 444
123 488
123 501
123 681
125 126
125 314
125 315
126 129
126 130
126 131
126 132
126 134
126 136
126 145
126 152
126 153
126 160
126 163
126 164
126 169
126 175
126 177
126 178
126 182
126 216
126 225
126 226
126 266
126 273
126 281
126 314
126 315
126 317
126 318
126 339
126 359
126 361
126 373
126 384
126 403
126 407
126 411
126 428
126 430
126 431
126 450
126 465
126 477
126 484
126 550
126 579
126 615
126 619
126 621
126 634
126 730
126 733
126 739
126 755
127 128
127 129
127 130
128 129
128 130
128 135
128 142
128 162
128 163
128 164
128 169
128 179
128 271
128 274
128 324
128 330
128 331
128 332
128 362
128 421
128 460
128 492
128 528
128 529
128 662
128 708
129 130
129 131
129 132
129 135
129 145
129 152
129 164
129 171
129 179
129 183
129 190
129 200
129 203
129 204
129 225
129 227
129 239
129 245
129 246
129 247
129 248
129 249
129 256
129 257
129 258
129 266
129 279
129 281
129 293
129 298
129 304
129 311
129 334
129 335
129 350
129 359
129 375
129 400
129 406
129 418
129 440
129 441
129 488
129 533
129 535
129 547
129 565
129 574
129 575
129 582
129 614
129 655
129 656
129 657
129 658
129 677
129 678
129 679
129 681
129 754
130 131
130 134
130 135
130 136
130 137
130 140
130 143
130 145
130 149
130 152
130 155
130 156
130 157
130 158
130 163
130 164
130 169
130 177
130 183
130 194
130 205
130 211
130 225
130 226
130 234
130 262
130 266
130 297
130 299
130 315
130 321
130 344
130 350
130 368
130 375
130 384
130 398
130 423
130 451
130 478
130 479
130 489
130 493
130 519
130 527
130 536
130 580
130 592
130 596
130 600
130 773
131 132
131 135
131 145
131 152
131 153
131 160
131 162
131 163
131 166
131 177
131 178
131 182
131 183
131 217
131 220
131 224
131 248
131 278
131 293
131 297
131 302
131 304
131 317
131 318
131 326
131 365
131 375
131 378
131 379
131 423
131 440
131 441
131 470
131 534
131 595
131 615
131 625
131 626
131 660
131 663
132 136
132 143
132 144
132 145
132 155
132 162
132 166
132 177
132 179
132 216
132 256
132 257
132 258
132 267
132 281
132 355
132 356
132 378
132 379
132 387
132 414
132 428
132 446
132 488
132 491
132 504
132 505
132 508
132 531
132 532
132 607
132 653
132 728
132 737
132 756
133 143
133 175
133 441
133 602
134 135
134 136
134 149
134 162
134 166
134 173
134 177
134 178
134 179
134 183
134 216
134 225
134 244
134 260
134 267
134 293
134 302
134 340
134 341
134 344
134 357
134 369
134 384
134 385
134 386
134 389
134 405
134 428
134 502
134 503
134 512
134 513
134 520
134 547
134 581
134 595
134 616
134 617
134 648
134 668
134 670
134 753
135 136
135 140
135 143
135 152
135 160
135 163
135 164
135 169
135 170
135 178
135 181
135 183
135 216
135 239
135 267
135 277
135 297
135 302
135 327
135 330
135 331
135 375
135 418
135 428
135 429
135 457
135 583
135 610
135 611
135 612
136 152
136 155
136 160
136 162
136 164
136 169
136 177
136 182
136 212
136 213
136 266
136 267
136 307
136 308
136 309
136 395
136 432
136 445
136 508
136 634
136 651
136 652
136 659
136 713
136 714
136 758
137 295
137 299
137 564
137 584
139 152
139 162
139 210
139 359
139 591
139 658
140 163
140 278
140 556
140 583
141 142
141 231
141 298
141 597
142 149
142 160
142 162
142 248
142 275
142 294
142 295
142 296
142 302
142 410
142 460
142 530
143 205
143 302
143 315
143 356
143 387
143 510
143 577
143 594
143 723
144 248
145 153
145 163
145 164
145 177
145 178
145 183
145 217
145 220
145 233
145 261
145 262
145 266
145 267
145 302
145 324
145 334
145 350
145 365
145 398
145 425
145 449
145 456
145 461
145 596
145 689
145 696
145 698
145 701
145 721
145 730
145 748
145 749
145 770
148 374
148 375
148 376
149 160
149 162
149 221
149 250
149 278
149 338
150 151
150 152
150 153
150 154
151 152
151 153
151 154
151 179
151 216
151 281
151 360
151 582
152 153
152 154
152 160
152 162
152 163
152 166
152 168
152 169
152 171
152 172
152 177
152 179
152 205
152 207
152 216
152 224
152 247
152 248
152 249
152 264
152 266
152 281
152 293
152 297
152 298
152 302
152 375
152 400
152 547
152 587
152 588
152 608
152 658
152 684
152 690
152 773
153 154
153 164
153 175
153 248
153 318
153 410
153 423
153 430
153 431
153 470
153 625
153 720
153 733
155 156
155 157
155 158
155 508
156 157
156 158
157 158
157 177
157 423
157 478
157 479
159 160
160 161
160 164
160 178
160 179
160 182
160 207
160 210
160 221
160 225
160 226
160 249
160 269
160 270
160 326
160 327
160 333
160 338
160 359
160 369
160 381
160 384
160 396
160 439
160 444
160 475
160 501
160 522
160 523
160 532
160 546
160 565
160 664
160 665
160 666
160 694
160 738
161 178
161 381
161 527
161 597
162 163
162 164
162 169
162 172
162 179
162 180
162 181
162 192
162 199
162 212
162 213
162 235
162 244
162 245
162 246
162 262
162 267
162 271
162 281
162 282
162 339
162 349
162 372
162 375
162 410
162 412
162 413
162 423
162 446
162 506
162 513
162 515
162 625
162 653
162 658
162 672
162 712
162 715
162 774
163 177
163 179
163 181
163 182
163 194
163 225
163 266
163 278
163 287
163 324
163 329
163 404
163 428
163 450
163 493
163 528
163 529
163 549
163 556
163 583
163 660
163 662
163 717
164 165
164 166
164 175
164 177
164 178
164 179
164 181
164 192
164 211
164 221
164 224
164 225
164 267
164 293
164 295
164 302
164 318
164 335
164 340
164 350
164 361
164 383
164 401
164 402
164 403
164 458
164 488
164 532
164 535
164 550
164 552
164 587
164 590
164 689
164 733
165 166
166 181
166 267
166 281
166 293
166 340
166 494
166 495
166 587
166 588
166 616
166 617
168 169
169 175
169 177
169 179
169 195
169 196
169 197
169 237
169 266
169 271
169 277
169 281
169 293
169 302
169 306
169 307
169 324
169 332
169 375
169 429
169 431
169 468
169 476
169 477
169 682
169 694
169 716
169 773
170 310
171 172
171 400
171 547
171 567
171 573
172 192
172 221
172 227
172 228
172 304
172 305
172 306
172 339
172 509
172 605
172 606
174 175
174 176
175 176
175 177
175 237
175 277
175 297
175 318
175 349
175 602
175 701
175 733
175 746
175 747
176 188
176 400
176 695
177 178
177 183
177 224
177 237
177 262
177 263
177 264
177 266
177 320
177 324
177 335
177 395
177 423
177 427
177 465
177 478
177 479
177 517
177 547
177 626
177 632
177 633
177 640
177 673
177 674
177 675
177 676
177 689
177 697
177 745
178 211
178 225
178 261
178 302
178 318
178 381
178 394
178 403
178 406
178 447
178 448
178 449
178 689
178 722
178 740
178 749
179 182
179 183
179 194
179 199
179 205
179 216
179 244
179 258
179 265
179 266
179 268
179 281
179 293
179 302
179 315
179 316
179 357
179 360
179 386
179 428
179 431
179 437
179 453
179 454
179 511
179 549
179 550
179 581
179 653
179 672
179 677
179 678
179 679
180 181
181 267
181 340
181 552
182 206
182 266
182 384
182 390
182 544
182 549
182 660
182 725
183 192
183 199
183 205
183 211
183 226
183 227
183 249
183 266
183 282
183 290
183 292
183 315
183 367
183 368
183 375
183 392
183 398
183 431
183 457
183 466
183 498
183 640
183 661
183 691
183 706
183 727
184 251
184 542
186 187
189 190
191 192
191 193
191 704
191 705
192 193
192 221
192 351
192 352
192 384
192 458
192 474
192 605
192 606
194 225
195 196
195 197
196 197
198 627
199 266
199 315
200 245
203 204
204 563
205 216
205 227
205 386
205 550
206 216
206 382
211 319
211 367
211 394
212 213
212 278
212 373
214 215
216 267
216 360
216 382
216 619
217 218
217 219
217 365
218 219
221 222
221 224
221 229
221 277
221 605
221 606
221 683
223 224
224 225
224 267
224 277
224 293
224 354
224 359
224 397
224 408
224 409
224 587
225 226
225 267
225 281
225 291
225 299
225 331
225 335
225 397
225 399
225 451
225 556
225 568
226 368
226 371
226 382
226 439
226 526
226 542
227 228
227 240
227 281
227 655
227 656
227 657
227 658
229 230
229 231
230 231
231 298
231 597
237 455
238 266
238 724
238 775
241 242
243 244
244 502
244 503
244 672
246 266
246 439
246 535
247 248
247 249
248 249
248 347
248 350
248 369
248 466
248 750
249 466
249 522
249 523
251 252
253 282
253 709
253 710
254 451
254 452
254 562
255 264
256 257
256 258
256 598
257 258
258 293
261 406
262 263
262 264
262 423
263 264
264 608
265 302
265 472
265 480
265 481
266 268
266 315
266 317
266 320
266 324
266 386
266 424
266 484
266 535
266 550
266 621
266 651
266 652
266 758
266 775
267 340
267 359
267 397
267 466
267 495
267 595
267 598
267 641
267 766
268 386
269 270
270 681
277 349
277 375
277 456
277 645
277 772
278 301
278 332
278 350
278 373
278 398
278 556
278 557
278 583
278 642
278 643
278 644
280 281
280 282
280 283
281 282
281 283
281 299
281 331
281 399
281 429
281 437
281 451
281 556
281 568
281 579
281 582
281 653
281 655
281 656
281 657
281 658
282 283
282 493
282 769
285 286
290 706
293 350
293 616
293 617
293 703
294 295
294 296
295 296
295 297
295 654
297 298
298 597
299 337
299 399
299 586
300 302
300 495
302 317
302 480
302 481
302 495
302 496
302 497
302 589
302 590
302 648
303 431
303 578
304 305
304 306
304 353
304 359
305 306
307 308
307 309
308 309
309 751
310 311
310 463
310 464
311 375
312 313
314 315
315 375
315 592
315 600
315 763
316 559
317 521
318 375
318 733
324 325
324 694
325 649
327 369
330 331
331 451
331 556
337 500
339 490
340 341
342 343
344 580
344 617
344 668
349 550
349 566
349 693
350 571
350 596
350 718
351 352
353 540
357 369
359 373
359 396
359 537
359 591
359 688
361 550
363 364
366 553
374 375
374 376
375 376
375 515
375 592
375 600
377 488
378 379
384 516
384 517
384 518
385 386
386 550
386 576
386 614
387 388
390 391
390 491
390 667
390 769
393 635
395 659
395 692
400 547
401 402
401 403
402 403
406 419
406 565
408 409
410 620
412 413
415 416
423 470
423 478
423 479
425 426
428 429
428 450
428 581
428 680
428 728
430 431
431 453
431 454
431 578
431 726
440 441
443 444
444 501
446 491
446 531
446 532
447 448
447 449
448 449
449 461
449 689
449 696
451 452
451 556
453 454
456 748
461 689
461 696
463 464
470 471
471 699
471 700
476 477
476 716
478 479
480 481
482 483
482 484
483 484
484 621
486 487
487 765
491 531
491 532
491 769
493 769
496 497
496 583
496 636
496 637
496 638
502 503
504 505
516 517
516 518
517 518
522 523
526 542
527 597
528 529
531 532
532 694
538 539
540 686
542 543
550 693
556 583
558 559
569 570
569 571
569 572
570 571
570 572
571 572
571 718
574 575
583 610
583 611
583 612
583 636
583 637
583 638
587 588
589 590
592 600
603 604
605 606
610 611
610 612
611 612
614 754
616 617
630 631
632 633
636 637
636 638
637 638
642 643
642 644
643 644
651 652
655 656
655 657
655 658
656 657
656 658
657 658
664 665
664 666
665 666
671 672
673 674
673 675
673 676
674 675
674 676
675 676
677 678
677 679
678 679
681 752
689 696
699 700
701 746
701 747
704 705
709 710
713 714
732 771
735 736
746 747
759 760
761 762
