0 1
0 2
0 3
0 4
0 31
0 52
0 56
0 97
0 116
0 148
0 166
0 282
0 350
0 439
1 2
1 3
1 4
1 7
1 8
1 9
1 10
1 11
1 13
1 14
1 16
1 18
1 19
1 21
1 22
1 24
1 29
1 30
1 32
1 33
1 34
1 39
1 40
1 42
1 43
1 46
1 48
1 51
1 54
1 56
1 58
1 63
1 65
1 66
1 69
1 72
1 73
1 74
1 76
1 78
1 80
1 83
1 89
1 96
1 98
1 103
1 108
1 112
1 116
1 119
1 125
1 133
1 134
1 147
1 148
1 154
1 158
1 171
1 182
1 184
1 188
1 191
1 196
1 199
1 205
1 207
1 211
1 213
1 228
1 233
1 234
1 238
1 248
1 268
1 271
1 273
1 279
1 295
1 297
1 302
1 329
1 343
1 344
1 395
1 415
1 417
1 435
1 504
1 526
1 533
1 555
1 588
1 601
1 617
1 625
1 629
1 646
1 670
1 673
1 687
1 698
1 765
2 3
2 4
2 7
2 10
2 11
2 15
2 18
2 21
2 22
2 25
2 26
2 27
2 29
2 34
2 35
2 37
2 38
2 39
2 40
2 41
2 43
2 45
2 46
2 48
2 49
2 51
2 54
2 57
2 61
2 62
2 63
2 64
2 65
2 67
2 70
2 72
2 73
2 74
2 76
2 77
2 80
2 87
2 91
2 92
2 94
2 96
2 106
2 108
2 116
2 119
2 121
2 122
2 123
2 129
2 132
2 133
2 134
2 135
2 137
2 138
2 140
2 145
2 156
2 158
2 161
2 167
2 170
2 171
2 188
2 196
2 197
2 199
2 200
2 202
2 205
2 207
2 211
2 236
2 244
2 278
2 292
2 293
2 297
2 301
2 302
2 312
2 313
2 315
2 318
2 322
2 328
2 329
2 341
2 342
2 343
2 356
2 378
2 379
2 380
2 392
2 416
2 419
2 445
2 449
2 453
2 463
2 475
2 486
2 516
2 531
2 559
2 587
2 613
2 617
2 624
2 645
2 657
2 746
3 4
3 5
3 6
3 7
3 8
3 9
3 18
3 21
3 26
3 34
3 39
3 40
3 42
3 45
3 48
3 51
3 56
3 62
3 63
3 65
3 69
3 70
3 71
3 72
3 87
3 89
3 116
3 119
3 125
3 131
3 133
3 134
3 148
3 162
3 168
3 171
3 193
3 196
3 199
3 217
3 236
3 240
3 243
3 272
3 275
3 288
3 331
3 343
3 351
3 376
3 402
3 424
3 456
3 462
3 485
3 528
3 732
3 733
3 739
3 792
4 7
4 8
4 9
4 15
4 18
4 22
4 25
4 26
4 31
4 32
4 33
4 34
4 36
4 38
4 40
4 42
4 44
4 45
4 48
4 51
4 54
4 56
4 57
4 58
4 62
4 63
4 64
4 65
4 66
4 70
4 72
4 73
4 74
4 77
4 84
4 87
4 88
4 89
4 90
4 92
4 103
4 108
4 116
4 119
4 134
4 141
4 143
4 147
4 148
4 149
4 151
4 153
4 157
4 158
4 162
4 165
4 171
4 172
4 184
4 185
4 186
4 191
4 193
4 194
4 195
4 203
4 225
4 241
4 248
4 268
4 273
4 276
4 277
4 278
4 285
4 295
4 297
4 309
4 313
4 315
4 327
4 336
4 344
4 350
4 447
4 454
4 481
4 482
4 552
4 575
4 651
4 662
4 664
4 700
4 732
4 733
4 770
5 6
5 7
5 8
5 9
5 10
5 11
5 15
5 16
5 18
5 19
5 22
5 25
5 27
5 29
5 31
5 32
5 38
5 40
5 42
5 43
5 51
5 54
5 56
5 58
5 64
5 70
5 73
5 77
5 78
5 80
5 84
5 87
5 88
5 90
5 91
5 96
5 108
5 109
5 110
5 125
5 127
5 136
5 137
5 141
5 147
5 148
5 149
5 151
5 175
5 179
5 191
5 196
5 199
5 200
5 205
5 248
5 297
5 315
5 342
5 343
5 346
5 355
5 370
5 378
5 379
5 383
5 406
5 439
5 471
5 497
5 563
5 591
5 607
5 609
5 648
5 728
5 797
5 800
5 801
5 806
6 7
6 8
7 8
7 9
7 10
7 11
7 14
7 17
7 18
7 19
7 20
7 21
7 22
7 25
7 26
7 27
7 29
7 31
7 32
7 33
7 34
7 35
7 38
7 39
7 40
7 41
7 42
7 43
7 46
7 49
7 51
7 56
7 58
7 61
7 64
7 65
7 66
7 70
7 72
7 73
7 76
7 77
7 78
7 80
7 84
7 87
7 88
7 89
7 90
7 92
7 94
7 96
7 98
7 101
7 112
7 119
7 120
7 125
7 128
7 132
7 133
7 134
7 135
7 140
7 147
7 148
7 154
7 158
7 160
7 161
7 162
7 164
7 165
7 166
7 169
7 170
7 174
7 175
7 180
7 184
7 191
7 194
7 195
7 196
7 197
7 199
7 200
7 205
7 206
7 207
7 213
7 228
7 236
7 243
7 246
7 249
7 255
7 259
7 263
7 286
7 292
7 293
7 297
7 303
7 309
7 313
7 333
7 341
7 342
7 343
7 344
7 346
7 350
7 362
7 364
7 373
7 374
7 377
7 385
7 386
7 398
7 406
7 413
7 416
7 421
7 433
7 439
7 455
7 463
7 468
7 475
7 504
7 508
7 570
7 571
7 579
7 587
7 594
7 614
7 620
7 624
7 626
7 628
7 661
7 671
7 675
7 676
7 680
7 701
7 703
7 704
7 720
7 721
7 751
7 775
7 785
7 814
8 9
8 10
8 11
8 14
8 18
8 21
8 22
8 27
8 29
8 31
8 32
8 33
8 38
8 39
8 40
8 42
8 43
8 45
8 46
8 48
8 51
8 54
8 59
8 63
8 66
8 69
8 70
8 73
8 76
8 77
8 80
8 89
8 91
8 92
8 100
8 102
8 103
8 106
8 112
8 114
8 119
8 123
8 124
8 125
8 128
8 140
8 148
8 151
8 162
8 182
8 192
8 194
8 195
8 199
8 200
8 203
8 207
8 238
8 248
8 258
8 284
8 297
8 315
8 320
8 324
8 341
8 343
8 363
8 384
8 415
8 435
8 439
8 483
8 536
8 550
8 552
8 566
8 567
8 568
8 588
8 660
8 687
8 702
8 707
8 740
8 769
9 10
9 14
9 15
9 18
9 20
9 21
9 22
9 23
9 24
9 25
9 26
9 29
9 31
9 32
9 33
9 34
9 38
9 39
9 40
9 42
9 43
9 45
9 48
9 52
9 56
9 57
9 62
9 63
9 64
9 65
9 66
9 70
9 72
9 73
9 74
9 76
9 78
9 80
9 83
9 84
9 87
9 89
9 90
9 92
9 94
9 96
9 103
9 108
9 116
9 119
9 121
9 124
9 129
9 134
9 137
9 140
9 147
9 148
9 151
9 155
9 162
9 166
9 167
9 168
9 178
9 179
9 180
9 182
9 192
9 194
9 195
9 196
9 199
9 205
9 207
9 243
9 244
9 248
9 257
9 266
9 268
9 275
9 297
9 299
9 318
9 320
9 344
9 360
9 395
9 415
9 424
9 429
9 437
9 438
9 439
9 440
9 462
9 471
9 482
9 489
9 522
9 523
9 528
9 550
9 555
9 562
9 563
9 564
9 598
9 603
9 629
9 661
9 677
9 680
9 686
9 687
9 698
9 699
9 706
9 776
9 788
10 11
10 12
10 14
10 16
10 17
10 18
10 21
10 22
10 25
10 26
10 27
10 29
10 31
10 34
10 38
10 39
10 40
10 42
10 43
10 46
10 48
10 51
10 52
10 54
10 56
10 58
10 64
10 65
10 66
10 67
10 70
10 71
10 72
10 73
10 74
10 78
10 80
10 87
10 89
10 94
10 96
10 98
10 102
10 106
10 108
10 112
10 114
10 116
10 119
10 121
10 128
10 129
10 133
10 134
10 135
10 136
10 137
10 138
10 140
10 143
10 148
10 154
10 158
10 162
10 165
10 168
10 179
10 191
10 192
10 196
10 199
10 205
10 207
10 208
10 214
10 215
10 218
10 221
10 236
10 240
10 243
10 244
10 246
10 248
10 256
10 257
10 259
10 265
10 266
10 270
10 273
10 274
10 297
10 301
10 302
10 303
10 333
10 341
10 342
10 344
10 348
10 349
10 363
10 375
10 378
10 396
10 406
10 416
10 420
10 421
10 429
10 433
10 471
10 476
10 513
10 528
10 539
10 555
10 576
10 592
10 624
10 692
10 710
10 711
10 720
10 721
10 727
10 731
10 763
10 799
10 810
10 811
11 12
11 19
11 38
11 40
11 43
11 63
11 64
11 70
11 72
11 80
11 83
11 87
11 98
11 102
11 112
11 175
11 196
11 199
11 205
11 278
11 328
11 355
11 503
11 550
11 591
12 21
12 48
12 51
12 63
12 108
12 119
12 140
12 158
12 168
12 196
12 243
12 378
13 14
13 15
13 18
13 20
13 21
13 26
13 33
13 34
13 38
13 39
13 41
13 42
13 48
13 49
13 54
13 56
13 61
13 64
13 65
13 72
13 73
13 75
13 76
13 77
13 80
13 84
13 87
13 89
13 91
13 104
13 105
13 108
13 119
13 129
13 143
13 145
13 174
13 175
13 176
13 177
13 188
13 192
13 198
13 207
13 216
13 223
13 240
13 243
13 248
13 259
13 268
13 273
13 280
13 284
13 291
13 292
13 297
13 315
13 323
13 324
13 344
13 345
13 439
13 455
13 458
13 459
13 464
13 488
13 489
13 491
13 499
13 620
13 646
13 710
13 760
14 15
14 18
14 19
14 21
14 22
14 25
14 26
14 29
14 33
14 34
14 38
14 39
14 40
14 42
14 43
14 47
14 48
14 51
14 54
14 56
14 57
14 63
14 64
14 65
14 66
14 70
14 71
14 74
14 75
14 76
14 83
14 84
14 89
14 90
14 92
14 94
14 96
14 100
14 102
14 103
14 106
14 112
14 113
14 115
14 119
14 125
14 128
14 129
14 133
14 134
14 135
14 140
14 141
14 147
14 148
14 149
14 158
14 161
14 169
14 175
14 182
14 188
14 191
14 194
14 196
14 199
14 205
14 207
14 209
14 235
14 236
14 243
14 272
14 273
14 305
14 310
14 326
14 344
14 347
14 406
14 435
14 458
14 459
14 463
14 468
14 504
14 514
14 515
14 569
14 576
14 592
14 624
14 628
14 687
14 734
15 18
15 19
15 26
15 31
15 33
15 39
15 40
15 41
15 42
15 48
15 49
15 51
15 52
15 56
15 58
15 62
15 63
15 64
15 65
15 70
15 73
15 87
15 89
15 91
15 92
15 93
15 106
15 108
15 119
15 121
15 129
15 133
15 141
15 143
15 148
15 154
15 158
15 167
15 170
15 188
15 192
15 196
15 197
15 225
15 237
15 243
15 244
15 246
15 268
15 297
15 329
15 413
15 424
15 462
15 561
15 565
15 603
15 646
15 706
15 768
16 17
16 18
16 20
16 21
16 22
16 31
16 38
16 39
16 42
16 43
16 51
16 52
16 54
16 56
16 58
16 65
16 70
16 72
16 73
16 74
16 78
16 80
16 85
16 87
16 90
16 102
16 106
16 116
16 119
16 134
16 140
16 143
16 145
16 146
16 148
16 158
16 168
16 182
16 191
16 199
16 225
16 244
16 297
16 348
16 371
16 379
16 381
16 416
16 439
16 478
16 479
16 501
16 526
16 541
16 542
16 543
16 608
16 623
16 629
16 633
16 763
16 815
17 18
17 70
17 119
17 120
17 133
18 19
18 20
18 21
18 22
18 23
18 26
18 27
18 29
18 30
18 31
18 34
18 38
18 39
18 40
18 41
18 42
18 45
18 48
18 49
18 50
18 51
18 54
18 56
18 57
18 58
18 59
18 63
18 64
18 65
18 70
18 72
18 73
18 74
18 75
18 76
18 78
18 80
18 82
18 83
18 84
18 87
18 89
18 90
18 91
18 92
18 93
18 96
18 103
18 108
18 112
18 119
18 125
18 133
18 134
18 137
18 139
18 140
18 143
18 148
18 149
18 151
18 158
18 159
18 162
18 167
18 168
18 175
18 191
18 192
18 193
18 194
18 199
18 203
18 207
18 214
18 215
18 234
18 237
18 240
18 243
18 244
18 248
18 250
18 252
18 253
18 272
18 280
18 297
18 298
18 315
18 317
18 318
18 327
18 329
18 341
18 343
18 350
18 383
18 388
18 396
18 411
18 416
18 439
18 455
18 463
18 467
18 481
18 489
18 514
18 525
18 526
18 535
18 552
18 555
18 607
18 645
18 651
18 699
18 710
18 716
18 740
18 763
18 772
18 773
18 783
18 796
18 807
18 813
19 20
19 21
19 22
19 26
19 29
19 31
19 32
19 33
19 38
19 39
19 40
19 42
19 43
19 45
19 46
19 48
19 51
19 52
19 53
19 56
19 57
19 58
19 63
19 64
19 65
19 66
19 67
19 68
19 70
19 72
19 73
19 78
19 80
19 84
19 85
19 89
19 91
19 92
19 93
19 96
19 97
19 98
19 108
19 116
19 118
19 120
19 129
19 134
19 140
19 141
19 146
19 147
19 148
19 158
19 162
19 196
19 199
19 211
19 240
19 243
19 244
19 248
19 255
19 258
19 269
19 274
19 289
19 296
19 297
19 302
19 350
19 373
19 431
19 455
19 464
19 471
19 503
19 519
19 520
19 536
19 544
19 550
19 552
19 555
19 589
19 590
19 716
19 728
20 21
20 22
20 25
20 26
20 29
20 31
20 32
20 33
20 39
20 40
20 44
20 45
20 46
20 47
20 48
20 49
20 50
20 51
20 52
20 53
20 54
20 58
20 65
20 67
20 70
20 72
20 73
20 78
20 80
20 83
20 85
20 87
20 89
20 91
20 92
20 98
20 103
20 104
20 105
20 106
20 107
20 119
20 121
20 131
20 134
20 145
20 147
20 157
20 158
20 161
20 163
20 164
20 167
20 168
20 174
20 175
20 176
20 177
20 187
20 188
20 191
20 195
20 196
20 199
20 209
20 225
20 233
20 240
20 243
20 244
20 246
20 248
20 249
20 256
20 268
20 272
20 273
20 278
20 297
20 299
20 309
20 312
20 329
20 344
20 347
20 413
20 419
20 420
20 422
20 423
20 455
20 489
20 522
20 523
20 562
20 563
20 587
20 601
20 618
20 619
20 779
20 780
20 781
20 813
21 22
21 25
21 26
21 27
21 29
21 31
21 32
21 33
21 34
21 38
21 39
21 40
21 42
21 43
21 44
21 45
21 46
21 48
21 49
21 51
21 54
21 56
21 57
21 58
21 63
21 65
21 66
21 67
21 68
21 70
21 71
21 72
21 73
21 74
21 76
21 80
21 83
21 84
21 85
21 87
21 89
21 91
21 92
21 95
21 96
21 98
21 112
21 114
21 116
21 119
21 121
21 125
21 128
21 129
21 132
21 133
21 134
21 140
21 145
21 147
21 148
21 149
21 151
21 154
21 156
21 158
21 160
21 161
21 162
21 163
21 166
21 167
21 168
21 169
21 171
21 175
21 179
21 181
21 184
21 188
21 191
21 194
21 195
21 196
21 199
21 207
21 209
21 214
21 217
21 236
21 237
21 243
21 244
21 246
21 255
21 256
21 257
21 258
21 259
21 272
21 275
21 279
21 284
21 299
21 301
21 313
21 315
21 319
21 329
21 341
21 343
21 344
21 364
21 377
21 378
21 379
21 380
21 395
21 406
21 407
21 411
21 413
21 415
21 424
21 429
21 431
21 441
21 442
21 455
21 458
21 465
21 467
21 475
21 483
21 487
21 492
21 508
21 531
21 555
21 564
21 587
21 592
21 623
21 673
21 676
21 703
21 704
21 705
21 719
21 725
21 726
21 765
21 787
21 792
22 23
22 25
22 26
22 29
22 30
22 31
22 32
22 33
22 34
22 35
22 36
22 38
22 39
22 40
22 41
22 42
22 43
22 45
22 48
22 51
22 54
22 56
22 57
22 58
22 65
22 67
22 70
22 72
22 73
22 75
22 76
22 78
22 80
22 83
22 84
22 87
22 88
22 89
22 90
22 92
22 94
22 96
22 97
22 102
22 103
22 106
22 108
22 112
22 115
22 116
22 121
22 122
22 123
22 124
22 127
22 128
22 129
22 130
22 131
22 133
22 134
22 137
22 138
22 140
22 143
22 148
22 155
22 157
22 161
22 162
22 166
22 168
22 171
22 182
22 188
22 191
22 194
22 195
22 196
22 197
22 199
22 200
22 203
22 205
22 207
22 213
22 216
22 220
22 236
22 237
22 240
22 242
22 243
22 244
22 246
22 249
22 255
22 272
22 282
22 297
22 299
22 305
22 306
22 315
22 341
22 343
22 344
22 347
22 350
22 354
22 355
22 370
22 386
22 388
22 396
22 401
22 406
22 416
22 435
22 439
22 445
22 446
22 464
22 481
22 486
22 490
22 513
22 528
22 548
22 552
22 576
22 600
22 602
22 640
22 651
22 652
22 654
22 687
22 707
22 746
22 759
22 770
22 791
22 796
22 805
23 24
23 25
23 26
23 33
23 39
23 48
23 72
23 73
23 90
23 783
24 25
24 26
24 43
24 409
25 26
25 31
25 32
25 38
25 41
25 43
25 46
25 48
25 51
25 52
25 56
25 57
25 58
25 62
25 63
25 65
25 70
25 71
25 72
25 78
25 80
25 84
25 90
25 91
25 94
25 95
25 96
25 102
25 112
25 129
25 133
25 134
25 136
25 137
25 148
25 149
25 151
25 162
25 166
25 167
25 168
25 180
25 188
25 191
25 194
25 195
25 199
25 203
25 205
25 207
25 230
25 265
25 266
25 270
25 273
25 297
25 347
25 370
25 378
25 396
25 406
25 416
25 421
25 435
25 443
25 444
25 446
25 468
25 650
25 727
25 738
25 764
25 786
25 798
26 29
26 33
26 36
26 38
26 39
26 40
26 42
26 43
26 44
26 48
26 51
26 52
26 56
26 57
26 58
26 64
26 65
26 67
26 70
26 72
26 73
26 74
26 76
26 80
26 83
26 84
26 85
26 87
26 89
26 91
26 92
26 93
26 102
26 103
26 106
26 113
26 115
26 116
26 119
26 121
26 125
26 127
26 128
26 132
26 133
26 134
26 138
26 145
26 148
26 154
26 158
26 161
26 162
26 164
26 168
26 170
26 171
26 175
26 188
26 191
26 192
26 193
26 194
26 196
26 198
26 199
26 203
26 205
26 207
26 216
26 217
26 219
26 236
26 240
26 241
26 244
26 248
26 256
26 258
26 263
26 272
26 274
26 297
26 306
26 315
26 329
26 332
26 343
26 347
26 350
26 406
26 407
26 458
26 459
26 460
26 475
26 506
26 507
26 514
26 539
26 580
26 676
26 789
27 28
27 39
27 41
27 42
27 43
27 54
27 56
27 58
27 65
27 72
27 73
27 80
27 84
27 87
27 89
27 108
27 125
27 132
27 133
27 140
27 151
27 158
27 166
27 168
27 194
27 207
27 214
27 246
27 248
27 269
27 270
27 274
27 292
27 293
27 332
27 343
27 373
27 374
27 385
27 517
27 533
27 560
27 609
27 614
27 676
27 701
29 30
29 31
29 32
29 33
29 34
29 39
29 40
29 41
29 42
29 43
29 45
29 48
29 51
29 52
29 56
29 57
29 58
29 63
29 64
29 65
29 70
29 72
29 73
29 76
29 78
29 80
29 83
29 84
29 87
29 89
29 91
29 92
29 94
29 96
29 100
29 103
29 106
29 112
29 116
29 120
29 121
29 122
29 123
29 129
29 134
29 137
29 148
29 149
29 151
29 154
29 158
29 165
29 191
29 196
29 203
29 218
29 219
29 220
29 222
29 225
29 240
29 243
29 244
29 248
29 258
29 268
29 273
29 279
29 297
29 313
29 322
29 327
29 333
29 343
29 350
29 371
29 406
29 462
29 483
29 528
29 539
29 545
29 563
29 566
29 567
29 568
29 569
29 573
29 574
29 588
29 601
29 610
29 625
29 676
29 692
29 718
29 737
29 746
29 754
29 755
29 788
30 31
30 38
30 41
30 42
30 54
30 56
30 63
30 70
30 77
30 80
30 90
30 94
30 97
30 103
30 116
30 133
30 134
30 167
30 191
30 199
30 243
30 248
30 284
30 289
30 318
30 353
30 378
30 419
30 617
30 708
31 32
31 33
31 34
31 36
31 38
31 39
31 40
31 41
31 42
31 43
31 46
31 48
31 51
31 52
31 54
31 56
31 58
31 59
31 61
31 63
31 65
31 66
31 67
31 69
31 70
31 71
31 72
31 73
31 74
31 76
31 77
31 78
31 80
31 83
31 87
31 89
31 91
31 92
31 97
31 102
31 103
31 106
31 110
31 112
31 116
31 128
31 134
31 140
31 141
31 143
31 146
31 147
31 148
31 151
31 158
31 162
31 165
31 166
31 168
31 175
31 181
31 182
31 187
31 188
31 191
31 194
31 195
31 196
31 197
31 199
31 205
31 206
31 207
31 209
31 225
31 226
31 227
31 240
31 243
31 244
31 273
31 276
31 282
31 309
31 315
31 317
31 318
31 340
31 341
31 348
31 350
31 364
31 370
31 371
31 383
31 401
31 407
31 413
31 416
31 421
31 438
31 439
31 445
31 451
31 455
31 459
31 464
31 466
31 471
31 475
31 489
31 490
31 503
31 508
31 513
31 549
31 553
31 554
31 588
31 607
31 626
31 640
31 753
31 777
31 778
31 787
31 815
32 33
32 34
32 39
32 40
32 42
32 45
32 46
32 48
32 51
32 62
32 63
32 70
32 72
32 74
32 77
32 78
32 80
32 83
32 87
32 90
32 94
32 102
32 105
32 108
32 112
32 121
32 127
32 129
32 163
32 166
32 168
32 181
32 182
32 184
32 191
32 196
32 243
32 244
32 278
32 291
32 297
32 333
32 343
32 344
32 355
32 368
32 376
32 378
32 406
32 407
32 421
32 422
32 423
32 427
32 428
32 429
32 438
32 439
32 471
32 472
32 473
32 532
32 549
32 552
32 579
32 588
32 612
32 622
32 662
32 713
32 718
32 770
32 806
33 34
33 35
33 36
33 37
33 38
33 39
33 40
33 42
33 43
33 48
33 49
33 51
33 52
33 54
33 56
33 57
33 58
33 59
33 61
33 63
33 64
33 65
33 67
33 69
33 70
33 72
33 73
33 75
33 76
33 77
33 78
33 80
33 83
33 84
33 87
33 89
33 90
33 91
33 94
33 96
33 97
33 98
33 102
33 108
33 112
33 119
33 125
33 129
33 131
33 132
33 137
33 140
33 143
33 147
33 148
33 149
33 154
33 155
33 156
33 158
33 160
33 162
33 165
33 166
33 167
33 168
33 169
33 174
33 175
33 176
33 177
33 184
33 194
33 196
33 199
33 202
33 203
33 204
33 207
33 211
33 223
33 225
33 235
33 236
33 243
33 249
33 250
33 259
33 268
33 269
33 272
33 273
33 288
33 296
33 297
33 315
33 319
33 333
33 340
33 343
33 359
33 365
33 371
33 402
33 403
33 413
33 437
33 438
33 439
33 459
33 464
33 475
33 483
33 484
33 489
33 491
33 495
33 496
33 534
33 536
33 537
33 538
33 579
33 588
33 634
33 673
33 681
33 714
33 718
33 766
33 793
34 35
34 36
34 37
34 38
34 39
34 40
34 41
34 42
34 48
34 49
34 51
34 52
34 56
34 57
34 58
34 61
34 62
34 63
34 64
34 65
34 70
34 72
34 73
34 74
34 77
34 78
34 80
34 83
34 84
34 87
34 89
34 92
34 98
34 104
34 110
34 116
34 119
34 128
34 133
34 134
34 143
34 145
34 147
34 148
34 151
34 158
34 162
34 165
34 166
34 168
34 171
34 178
34 179
34 180
34 184
34 185
34 186
34 192
34 194
34 195
34 196
34 197
34 199
34 203
34 205
34 214
34 215
34 217
34 223
34 237
34 240
34 244
34 248
34 249
34 268
34 273
34 278
34 297
34 301
34 302
34 303
34 310
34 316
34 329
34 332
34 333
34 343
34 352
34 376
34 385
34 402
34 403
34 406
34 416
34 432
34 440
34 441
34 442
34 447
34 462
34 484
34 528
34 531
34 545
34 594
34 620
34 658
34 659
34 692
34 693
34 698
34 739
34 765
34 807
35 36
35 37
35 38
35 39
35 40
35 48
35 57
35 73
35 91
35 161
35 188
35 290
35 297
35 785
36 37
36 38
36 39
36 40
36 42
36 51
36 70
36 92
36 96
36 103
36 111
36 115
36 133
36 306
36 309
36 352
36 370
37 38
37 39
37 40
37 81
37 135
37 378
37 516
38 39
38 40
38 42
38 48
38 49
38 50
38 51
38 52
38 54
38 56
38 58
38 63
38 64
38 65
38 66
38 70
38 72
38 73
38 74
38 80
38 84
38 87
38 89
38 90
38 91
38 92
38 96
38 97
38 102
38 110
38 112
38 116
38 119
38 120
38 125
38 128
38 129
38 134
38 137
38 142
38 143
38 144
38 148
38 149
38 151
38 157
38 158
38 161
38 162
38 165
38 166
38 167
38 168
38 169
38 175
38 178
38 179
38 180
38 194
38 197
38 199
38 206
38 211
38 223
38 240
38 246
38 250
38 251
38 259
38 263
38 269
38 270
38 272
38 277
38 297
38 301
38 315
38 334
38 341
38 370
38 415
38 431
38 478
38 481
38 506
38 513
38 530
38 555
38 564
38 608
38 613
38 673
38 719
38 724
38 730
38 740
39 40
39 41
39 42
39 43
39 46
39 51
39 52
39 56
39 57
39 63
39 64
39 65
39 66
39 67
39 70
39 71
39 72
39 73
39 74
39 76
39 78
39 80
39 83
39 84
39 87
39 89
39 91
39 93
39 96
39 98
39 100
39 106
39 108
39 113
39 115
39 117
39 119
39 120
39 121
39 125
39 128
39 133
39 134
39 137
39 140
39 143
39 147
39 148
39 149
39 150
39 155
39 158
39 161
39 162
39 163
39 165
39 168
39 169
39 175
39 188
39 191
39 192
39 193
39 194
39 196
39 197
39 205
39 217
39 225
39 234
39 236
39 243
39 244
39 246
39 248
39 249
39 258
39 259
39 268
39 269
39 270
39 273
39 284
39 285
39 286
39 290
39 297
39 299
39 318
39 333
39 343
39 344
39 347
39 350
39 352
39 354
39 356
39 370
39 381
39 392
39 401
39 406
39 417
39 423
39 437
39 439
39 449
39 455
39 458
39 459
39 460
39 476
39 502
39 516
39 524
39 528
39 536
39 545
39 588
39 594
39 599
39 600
39 603
39 613
39 691
39 692
39 706
39 729
39 734
39 739
39 741
39 775
39 784
39 814
40 41
40 42
40 45
40 48
40 53
40 54
40 58
40 65
40 66
40 70
40 71
40 72
40 73
40 74
40 76
40 78
40 80
40 83
40 87
40 90
40 92
40 102
40 108
40 109
40 114
40 116
40 119
40 120
40 128
40 129
40 132
40 134
40 140
40 148
40 149
40 151
40 154
40 158
40 161
40 164
40 191
40 194
40 195
40 196
40 200
40 205
40 217
40 225
40 233
40 234
40 236
40 238
40 240
40 248
40 259
40 268
40 278
40 286
40 288
40 289
40 308
40 318
40 328
40 341
40 344
40 355
40 378
40 395
40 406
40 407
40 415
40 427
40 438
40 439
40 452
40 461
40 550
40 587
40 589
40 590
40 592
40 615
40 660
40 673
40 724
40 751
40 767
40 779
40 780
40 781
40 803
40 806
41 42
41 43
41 44
41 45
41 47
41 51
41 52
41 56
41 57
41 58
41 64
41 70
41 72
41 73
41 78
41 80
41 84
41 86
41 87
41 89
41 92
41 94
41 98
41 112
41 116
41 119
41 125
41 128
41 133
41 137
41 188
41 202
41 205
41 224
41 242
41 243
41 248
41 258
41 259
41 273
41 288
41 292
41 293
41 329
41 331
41 332
41 353
41 412
41 413
41 432
41 464
41 513
41 553
41 554
41 710
41 724
42 43
42 44
42 45
42 48
42 50
42 51
42 54
42 56
42 57
42 58
42 63
42 64
42 65
42 67
42 70
42 72
42 73
42 74
42 75
42 76
42 77
42 80
42 84
42 87
42 89
42 90
42 91
42 92
42 96
42 98
42 101
42 102
42 106
42 108
42 109
42 111
42 112
42 113
42 114
42 116
42 119
42 121
42 125
42 128
42 129
42 131
42 133
42 134
42 141
42 143
42 147
42 148
42 149
42 154
42 157
42 158
42 164
42 167
42 171
42 175
42 181
42 184
42 188
42 191
42 193
42 195
42 196
42 205
42 207
42 217
42 236
42 240
42 241
42 243
42 244
42 248
42 256
42 257
42 259
42 272
42 273
42 275
42 276
42 277
42 278
42 282
42 284
42 285
42 290
42 297
42 313
42 315
42 321
42 332
42 333
42 340
42 341
42 343
42 350
42 364
42 370
42 378
42 379
42 381
42 402
42 403
42 415
42 416
42 419
42 429
42 432
42 433
42 439
42 454
42 458
42 459
42 460
42 462
42 464
42 478
42 481
42 490
42 491
42 495
42 496
42 518
42 534
42 542
42 552
42 553
42 554
42 555
42 579
42 593
42 602
42 637
42 662
42 664
42 686
42 708
42 767
42 770
42 772
42 773
42 774
42 799
42 812
43 44
43 45
43 46
43 48
43 51
43 56
43 57
43 58
43 59
43 67
43 69
43 70
43 72
43 73
43 76
43 80
43 83
43 84
43 85
43 87
43 88
43 89
43 119
43 128
43 129
43 133
43 134
43 140
43 148
43 158
43 162
43 168
43 171
43 175
43 182
43 191
43 194
43 196
43 199
43 200
43 202
43 203
43 204
43 207
43 243
43 244
43 248
43 270
43 273
43 308
43 313
43 322
43 326
43 343
43 354
43 373
43 374
43 392
43 395
43 414
43 415
43 424
43 429
43 445
43 451
43 459
43 460
43 536
43 541
43 542
43 543
43 578
43 581
43 591
43 598
43 601
43 625
43 698
43 728
44 58
44 116
44 145
44 256
45 46
45 47
45 48
45 49
45 50
45 52
45 56
45 58
45 63
45 64
45 65
45 68
45 70
45 72
45 73
45 74
45 78
45 80
45 83
45 84
45 86
45 89
45 90
45 92
45 94
45 108
45 116
45 124
45 125
45 145
45 148
45 151
45 158
45 162
45 163
45 165
45 166
45 168
45 171
45 195
45 205
45 244
45 248
45 297
45 315
45 320
45 322
45 340
45 343
45 344
45 397
45 402
45 455
45 461
45 482
45 489
45 513
45 530
45 552
45 555
45 629
45 651
45 700
45 708
45 709
45 739
45 770
45 813
46 47
46 48
46 49
46 50
46 64
46 70
46 72
46 74
46 78
46 84
46 98
46 102
46 106
46 120
46 129
46 134
46 143
46 146
46 148
46 169
46 171
46 178
46 196
46 211
46 243
46 273
46 302
46 313
46 350
46 369
46 455
46 464
46 503
46 530
46 617
47 48
47 49
47 50
47 56
47 58
47 83
47 89
47 94
47 112
47 137
47 148
47 739
48 49
48 50
48 51
48 54
48 56
48 57
48 58
48 59
48 62
48 63
48 65
48 69
48 70
48 72
48 73
48 80
48 82
48 83
48 84
48 85
48 87
48 89
48 90
48 92
48 94
48 96
48 97
48 102
48 103
48 112
48 116
48 119
48 121
48 122
48 123
48 129
48 131
48 134
48 140
48 143
48 147
48 158
48 161
48 162
48 166
48 167
48 171
48 172
48 188
48 191
48 192
48 193
48 194
48 196
48 197
48 199
48 200
48 203
48 207
48 211
48 217
48 235
48 236
48 237
48 240
48 243
48 248
48 259
48 268
48 273
48 275
48 297
48 302
48 312
48 315
48 340
48 347
48 350
48 368
48 378
48 384
48 385
48 405
48 406
48 411
48 415
48 416
48 419
48 420
48 439
48 475
48 535
48 536
48 550
48 573
48 601
48 617
48 620
48 640
48 651
48 652
48 732
48 733
48 777
48 778
48 783
48 788
48 799
48 808
49 50
49 62
49 70
49 72
49 73
49 74
49 76
49 80
49 87
49 92
49 119
49 133
49 143
49 161
49 188
49 192
49 223
49 232
49 243
49 268
49 280
49 341
49 455
49 552
49 555
49 584
49 585
49 586
49 682
49 743
50 175
50 555
51 52
51 53
51 54
51 55
51 56
51 57
51 58
51 61
51 62
51 63
51 64
51 65
51 66
51 67
51 68
51 69
51 70
51 71
51 72
51 73
51 76
51 78
51 80
51 83
51 87
51 89
51 90
51 91
51 92
51 96
51 98
51 102
51 106
51 108
51 112
51 116
51 117
51 118
51 125
51 128
51 134
51 140
51 147
51 148
51 149
51 159
51 161
51 162
51 165
51 166
51 167
51 168
51 171
51 175
51 187
51 191
51 193
51 195
51 196
51 199
51 200
51 203
51 205
51 217
51 225
51 228
51 236
51 243
51 244
51 248
51 250
51 252
51 253
51 258
51 272
51 273
51 275
51 281
51 297
51 310
51 312
51 316
51 329
51 341
51 347
51 352
51 355
51 370
51 387
51 392
51 398
51 399
51 406
51 407
51 415
51 422
51 423
51 445
51 448
51 466
51 501
51 514
51 523
51 528
51 534
51 536
51 559
51 587
51 594
51 613
51 656
51 692
51 729
51 732
51 733
51 740
51 741
51 777
51 778
52 53
52 54
52 55
52 56
52 58
52 65
52 67
52 72
52 73
52 80
52 85
52 87
52 89
52 90
52 94
52 97
52 98
52 116
52 119
52 129
52 134
52 142
52 143
52 144
52 145
52 148
52 162
52 166
52 167
52 168
52 169
52 195
52 196
52 243
52 248
52 268
52 282
52 297
52 308
52 333
52 431
52 433
52 439
52 487
52 545
52 555
52 589
52 608
52 810
52 811
53 54
53 55
53 91
53 120
53 163
53 249
53 272
53 550
53 589
53 590
54 55
54 58
54 63
54 65
54 70
54 77
54 78
54 80
54 87
54 88
54 89
54 91
54 108
54 112
54 116
54 119
54 125
54 127
54 128
54 134
54 137
54 140
54 146
54 147
54 154
54 157
54 158
54 161
54 163
54 165
54 168
54 174
54 175
54 176
54 177
54 194
54 195
54 196
54 199
54 200
54 207
54 213
54 235
54 236
54 248
54 249
54 272
54 284
54 289
54 291
54 301
54 350
54 388
54 407
54 413
54 454
54 475
54 552
54 616
54 617
54 673
54 710
54 711
54 815
56 57
56 58
56 59
56 61
56 62
56 63
56 64
56 65
56 66
56 67
56 69
56 70
56 71
56 72
56 73
56 74
56 76
56 78
56 80
56 83
56 84
56 85
56 87
56 88
56 89
56 90
56 94
56 95
56 96
56 97
56 102
56 106
56 108
56 115
56 116
56 119
56 128
56 129
56 133
56 134
56 136
56 137
56 140
56 145
56 147
56 148
56 157
56 158
56 160
56 162
56 167
56 168
56 171
56 179
56 183
56 191
56 194
56 195
56 197
56 199
56 200
56 205
56 207
56 225
56 237
56 243
56 244
56 246
56 248
56 255
56 259
56 263
56 268
56 273
56 274
56 279
56 292
56 297
56 305
56 308
56 313
56 314
56 315
56 316
56 317
56 318
56 333
56 340
56 343
56 350
56 365
56 377
56 378
56 379
56 385
56 395
56 397
56 405
56 406
56 407
56 413
56 415
56 416
56 420
56 433
56 439
56 459
56 464
56 475
56 488
56 489
56 519
56 524
56 541
56 542
56 543
56 545
56 551
56 552
56 553
56 554
56 555
56 556
56 557
56 558
56 580
56 634
56 639
56 653
56 668
56 680
56 701
56 703
56 704
56 712
56 724
56 739
56 744
56 752
56 754
56 755
56 763
56 777
56 778
56 798
56 810
56 811
56 814
57 58
57 62
57 65
57 69
57 72
57 74
57 80
57 84
57 89
57 92
57 96
57 134
57 140
57 148
57 149
57 151
57 158
57 162
57 167
57 188
57 199
57 207
57 243
57 259
57 272
57 274
57 284
57 290
57 308
57 402
57 403
57 405
57 467
57 471
57 475
57 489
57 514
57 771
58 60
58 61
58 62
58 63
58 65
58 66
58 69
58 70
58 72
58 73
58 74
58 76
58 80
58 82
58 87
58 88
58 89
58 90
58 91
58 92
58 93
58 94
58 96
58 98
58 99
58 102
58 106
58 108
58 112
58 114
58 116
58 119
58 128
58 133
58 134
58 141
58 143
58 145
58 147
58 148
58 149
58 151
58 158
58 161
58 165
58 166
58 167
58 168
58 169
58 171
58 188
58 195
58 196
58 199
58 200
58 206
58 210
58 218
58 219
58 220
58 225
58 230
58 236
58 243
58 244
58 248
58 250
58 252
58 253
58 256
58 259
58 268
58 272
58 273
58 274
58 297
58 313
58 350
58 364
58 425
58 461
58 462
58 475
58 529
58 540
58 541
58 542
58 543
58 549
58 573
58 580
58 631
58 639
58 670
58 678
58 679
58 707
58 710
58 711
59 69
59 72
59 76
59 87
59 89
59 134
59 139
59 140
59 199
59 216
59 217
59 259
59 331
59 552
60 61
60 62
61 62
61 65
61 69
61 71
61 74
61 84
61 87
61 90
61 91
61 104
61 116
61 133
61 134
61 137
61 147
61 148
61 171
61 194
61 202
61 207
61 259
61 269
61 272
61 288
61 291
61 297
61 314
61 343
61 362
61 370
61 416
61 450
61 536
61 624
61 678
61 679
62 70
62 72
62 74
62 80
62 88
62 89
62 90
62 96
62 134
62 151
62 158
62 162
62 188
62 205
62 224
62 225
62 243
62 275
62 343
62 347
62 416
62 528
62 600
62 622
62 655
63 64
63 65
63 66
63 67
63 68
63 70
63 72
63 73
63 74
63 80
63 88
63 89
63 97
63 103
63 106
63 108
63 110
63 116
63 117
63 118
63 119
63 121
63 125
63 128
63 133
63 134
63 140
63 151
63 154
63 166
63 188
63 192
63 195
63 199
63 207
63 225
63 244
63 340
63 435
63 443
63 444
63 482
63 511
63 526
63 546
63 547
63 550
63 555
63 588
63 629
63 645
63 673
63 689
64 65
64 66
64 67
64 68
64 70
64 72
64 73
64 75
64 76
64 77
64 78
64 79
64 80
64 84
64 87
64 88
64 89
64 93
64 94
64 96
64 98
64 102
64 112
64 121
64 122
64 128
64 134
64 137
64 140
64 147
64 148
64 161
64 162
64 167
64 178
64 191
64 197
64 200
64 225
64 240
64 244
64 248
64 256
64 258
64 268
64 273
64 280
64 291
64 292
64 296
64 312
64 313
64 322
64 324
64 326
64 329
64 331
64 344
64 355
64 369
64 371
64 397
64 406
64 416
64 430
64 439
64 448
64 475
64 486
64 511
64 530
64 559
64 564
64 601
64 606
64 626
64 636
64 797
65 66
65 67
65 68
65 70
65 72
65 73
65 80
65 82
65 84
65 85
65 87
65 89
65 91
65 92
65 96
65 103
65 104
65 108
65 112
65 119
65 125
65 132
65 134
65 140
65 141
65 142
65 143
65 144
65 148
65 151
65 157
65 166
65 168
65 170
65 171
65 172
65 175
65 191
65 194
65 196
65 198
65 208
65 212
65 216
65 217
65 225
65 237
65 240
65 261
65 282
65 285
65 288
65 295
65 297
65 305
65 313
65 314
65 333
65 341
65 343
65 350
65 362
65 375
65 406
65 416
65 421
65 433
65 439
65 454
65 457
65 464
65 467
65 481
65 482
65 483
65 489
65 490
65 502
65 513
65 555
65 624
65 626
65 629
65 662
65 664
65 689
65 708
65 709
65 720
65 721
65 724
65 725
65 726
65 744
65 759
65 810
65 811
65 814
66 67
66 68
66 70
66 72
66 73
66 74
66 84
66 87
66 91
66 92
66 94
66 96
66 98
66 100
66 109
66 115
66 119
66 125
66 129
66 133
66 134
66 147
66 151
66 163
66 164
66 165
66 168
66 194
66 195
66 196
66 230
66 254
66 255
66 263
66 300
66 334
66 347
66 364
66 395
66 400
66 417
66 430
66 458
66 466
66 481
66 483
66 530
66 730
66 762
66 804
67 68
67 70
67 73
67 78
67 80
67 83
67 84
67 89
67 92
67 128
67 134
67 143
67 158
67 161
67 166
67 196
67 207
67 344
67 433
67 459
67 460
67 537
67 538
67 555
67 629
67 746
67 787
67 810
67 811
68 84
68 85
68 145
68 151
68 195
68 708
68 709
69 70
69 71
69 72
69 73
69 74
69 76
69 87
69 89
69 94
69 116
69 131
69 133
69 146
69 148
69 162
69 188
69 196
69 199
69 203
69 207
69 240
69 297
69 343
69 456
69 485
69 536
69 644
69 670
69 742
70 71
70 72
70 73
70 74
70 77
70 78
70 80
70 83
70 84
70 85
70 87
70 88
70 89
70 90
70 91
70 92
70 94
70 97
70 100
70 102
70 103
70 106
70 108
70 109
70 113
70 115
70 116
70 117
70 118
70 119
70 120
70 122
70 128
70 129
70 131
70 133
70 134
70 137
70 138
70 139
70 140
70 143
70 146
70 147
70 148
70 158
70 161
70 162
70 163
70 165
70 166
70 167
70 168
70 169
70 171
70 173
70 184
70 188
70 192
70 193
70 194
70 195
70 196
70 197
70 199
70 200
70 203
70 205
70 207
70 208
70 214
70 215
70 217
70 219
70 225
70 236
70 238
70 239
70 243
70 246
70 248
70 259
70 262
70 268
70 272
70 273
70 275
70 280
70 284
70 289
70 297
70 306
70 318
70 333
70 334
70 335
70 341
70 342
70 343
70 344
70 355
70 364
70 383
70 396
70 413
70 415
70 416
70 431
70 439
70 441
70 442
70 443
70 444
70 460
70 461
70 462
70 463
70 467
70 468
70 497
70 502
70 506
70 528
70 530
70 535
70 555
70 556
70 557
70 558
70 566
70 567
70 568
70 579
70 582
70 587
70 607
70 608
70 617
70 618
70 619
70 622
70 628
70 636
70 644
70 651
70 652
70 660
70 677
70 697
70 702
70 710
70 711
70 732
70 733
70 734
70 796
70 815
71 72
71 73
71 74
71 87
71 93
71 134
71 140
71 148
71 171
71 194
71 236
71 297
71 315
71 343
71 396
71 691
71 727
72 73
72 74
72 76
72 78
72 80
72 83
72 85
72 86
72 87
72 89
72 90
72 92
72 94
72 98
72 102
72 103
72 106
72 108
72 112
72 116
72 119
72 125
72 132
72 134
72 135
72 139
72 140
72 141
72 147
72 148
72 151
72 158
72 161
72 162
72 164
72 166
72 168
72 175
72 184
72 188
72 191
72 193
72 196
72 200
72 205
72 207
72 222
72 236
72 237
72 243
72 244
72 248
72 270
72 273
72 278
72 279
72 284
72 291
72 292
72 293
72 297
72 306
72 307
72 313
72 314
72 321
72 328
72 329
72 331
72 337
72 340
72 342
72 344
72 350
72 370
72 383
72 387
72 396
72 397
72 400
72 413
72 429
72 453
72 455
72 458
72 459
72 464
72 489
72 495
72 496
72 500
72 513
72 518
72 582
72 601
72 602
72 622
72 651
72 695
72 707
72 738
72 739
72 748
72 765
72 772
72 773
72 775
72 783
72 796
72 813
73 74
73 76
73 80
73 84
73 85
73 87
73 89
73 90
73 91
73 93
73 96
73 102
73 106
73 108
73 114
73 116
73 119
73 121
73 128
73 129
73 133
73 134
73 140
73 147
73 148
73 151
73 154
73 155
73 158
73 161
73 165
73 166
73 167
73 168
73 170
73 175
73 188
73 189
73 190
73 191
73 192
73 194
73 195
73 196
73 197
73 198
73 199
73 202
73 209
73 211
73 214
73 217
73 225
73 234
73 237
73 240
73 243
73 248
73 249
73 256
73 258
73 263
73 268
73 273
73 292
73 297
73 298
73 299
73 307
73 313
73 322
73 329
73 330
73 331
73 332
73 333
73 341
73 342
73 343
73 344
73 346
73 363
73 392
73 406
73 432
73 455
73 461
73 464
73 475
73 478
73 489
73 490
73 506
73 512
73 522
73 523
73 534
73 536
73 539
73 549
73 580
73 587
73 601
73 608
73 611
73 625
73 630
73 646
73 651
73 652
73 676
73 741
73 747
73 813
74 76
74 83
74 87
74 90
74 92
74 96
74 97
74 100
74 106
74 108
74 115
74 116
74 125
74 132
74 133
74 134
74 140
74 143
74 148
74 149
74 161
74 182
74 188
74 195
74 196
74 199
74 207
74 230
74 244
74 248
74 259
74 313
74 315
74 343
74 347
74 350
74 364
74 378
74 407
74 416
74 526
74 549
74 603
74 607
74 638
74 639
74 722
74 761
75 76
75 77
75 78
75 79
75 124
75 155
75 259
75 313
75 315
75 491
76 77
76 78
76 79
76 80
76 87
76 88
76 89
76 90
76 92
76 96
76 102
76 108
76 119
76 125
76 134
76 135
76 140
76 148
76 151
76 154
76 158
76 161
76 162
76 170
76 182
76 192
76 194
76 196
76 200
76 205
76 233
76 244
76 248
76 258
76 259
76 260
76 268
76 273
76 282
76 283
76 291
76 292
76 297
76 313
76 343
76 350
76 370
76 408
76 413
76 427
76 455
76 462
76 474
76 500
76 503
76 542
76 555
76 570
76 571
76 584
76 585
76 586
76 634
76 687
76 707
76 736
76 739
77 78
77 79
77 84
77 89
77 96
77 103
77 108
77 109
77 110
77 116
77 127
77 137
77 143
77 153
77 154
77 158
77 184
77 192
77 194
77 243
77 273
77 292
77 318
77 324
77 327
77 333
77 343
77 415
77 421
77 439
77 447
77 579
77 702
77 713
78 79
78 80
78 86
78 89
78 96
78 102
78 108
78 109
78 110
78 116
78 125
78 127
78 128
78 129
78 130
78 131
78 134
78 148
78 159
78 161
78 162
78 165
78 188
78 191
78 195
78 199
78 203
78 205
78 248
78 249
78 273
78 286
78 297
78 352
78 383
78 408
78 413
78 435
78 446
78 513
78 519
78 520
78 526
78 528
78 587
78 607
78 618
78 619
78 629
78 680
78 692
78 715
78 751
80 84
80 87
80 88
80 91
80 92
80 94
80 96
80 97
80 102
80 112
80 116
80 119
80 132
80 134
80 138
80 145
80 147
80 148
80 151
80 158
80 159
80 161
80 162
80 165
80 166
80 167
80 168
80 178
80 179
80 180
80 188
80 191
80 192
80 194
80 195
80 196
80 197
80 199
80 205
80 206
80 207
80 225
80 236
80 238
80 239
80 244
80 248
80 274
80 284
80 289
80 292
80 294
80 295
80 297
80 301
80 302
80 303
80 315
80 333
80 340
80 347
80 350
80 355
80 385
80 407
80 413
80 433
80 438
80 439
80 463
80 467
80 486
80 498
80 519
80 541
80 542
80 543
80 550
80 552
80 570
80 571
80 577
80 587
80 617
80 618
80 619
80 629
80 651
80 652
80 701
80 738
80 739
80 746
80 750
80 782
80 797
80 803
81 201
82 83
82 84
82 91
82 439
82 540
83 84
83 87
83 90
83 92
83 94
83 106
83 108
83 112
83 121
83 148
83 150
83 158
83 160
83 182
83 194
83 213
83 217
83 240
83 243
83 246
83 273
83 275
83 297
83 306
83 343
83 350
83 385
83 407
83 411
83 415
83 418
83 424
83 439
83 448
83 465
83 530
83 549
83 597
83 598
83 600
83 676
83 723
83 752
83 802
84 85
84 89
84 91
84 92
84 94
84 101
84 103
84 108
84 112
84 115
84 116
84 119
84 125
84 128
84 129
84 134
84 140
84 148
84 151
84 158
84 161
84 162
84 165
84 166
84 169
84 180
84 194
84 195
84 200
84 207
84 213
84 240
84 243
84 248
84 263
84 274
84 276
84 277
84 278
84 292
84 296
84 297
84 315
84 324
84 329
84 332
84 344
84 350
84 362
84 392
84 393
84 416
84 431
84 432
84 635
84 759
84 791
85 89
85 96
85 108
85 116
85 128
85 129
85 131
85 134
85 162
85 195
85 312
85 347
85 356
85 419
85 420
85 581
86 87
86 125
86 205
86 513
87 88
87 89
87 91
87 92
87 93
87 94
87 97
87 98
87 103
87 110
87 115
87 116
87 121
87 127
87 129
87 131
87 132
87 133
87 134
87 137
87 140
87 143
87 147
87 149
87 154
87 156
87 158
87 161
87 162
87 163
87 168
87 170
87 171
87 182
87 184
87 185
87 186
87 191
87 196
87 199
87 200
87 202
87 203
87 204
87 205
87 209
87 224
87 240
87 241
87 243
87 244
87 248
87 255
87 259
87 268
87 270
87 278
87 282
87 295
87 297
87 301
87 319
87 321
87 328
87 333
87 341
87 344
87 346
87 350
87 361
87 379
87 392
87 400
87 406
87 407
87 413
87 415
87 424
87 436
87 439
87 456
87 458
87 459
87 462
87 464
87 485
87 494
87 533
87 536
87 545
87 549
87 565
87 570
87 571
87 575
87 578
87 587
87 598
87 612
87 620
87 624
87 717
87 724
87 736
87 749
87 750
87 788
87 799
88 89
88 90
88 97
88 127
88 134
88 196
88 199
88 200
88 207
88 208
88 225
88 244
88 481
88 482
88 511
88 570
88 571
89 90
89 91
89 92
89 94
89 96
89 102
89 108
89 112
89 116
89 119
89 120
89 121
89 125
89 127
89 129
89 131
89 132
89 134
89 137
89 140
89 142
89 143
89 144
89 148
89 151
89 158
89 161
89 162
89 163
89 168
89 169
89 171
89 182
89 191
89 192
89 194
89 196
89 199
89 200
89 202
89 203
89 204
89 205
89 207
89 218
89 234
89 238
89 243
89 244
89 259
89 262
89 268
89 269
89 270
89 272
89 278
89 291
89 295
89 297
89 298
89 312
89 313
89 314
89 315
89 318
89 338
89 339
89 340
89 341
89 343
89 347
89 350
89 352
89 360
89 373
89 396
89 402
89 415
89 419
89 420
89 447
89 451
89 455
89 462
89 468
89 489
89 504
89 514
89 573
89 574
89 583
89 588
89 601
89 610
89 651
89 656
89 677
89 735
89 739
89 769
89 796
89 813
90 91
90 94
90 108
90 148
90 149
90 158
90 188
90 194
90 205
90 243
90 244
90 248
90 269
90 272
90 273
90 282
90 283
90 288
90 297
90 308
90 329
90 341
90 343
90 406
90 448
90 478
90 550
90 552
90 626
90 630
90 649
90 770
90 783
91 92
91 93
91 96
91 97
91 98
91 104
91 108
91 112
91 116
91 119
91 120
91 129
91 131
91 138
91 140
91 141
91 148
91 149
91 156
91 157
91 163
91 166
91 169
91 171
91 174
91 175
91 176
91 177
91 191
91 192
91 193
91 194
91 195
91 199
91 203
91 207
91 210
91 211
91 213
91 236
91 243
91 244
91 246
91 249
91 269
91 272
91 278
91 284
91 295
91 296
91 297
91 305
91 315
91 333
91 343
91 344
91 347
91 394
91 455
91 464
91 529
91 540
91 549
91 573
91 574
91 631
91 666
91 667
91 681
91 694
92 93
92 96
92 97
92 101
92 102
92 103
92 115
92 116
92 121
92 125
92 132
92 133
92 134
92 141
92 148
92 155
92 166
92 167
92 168
92 191
92 192
92 194
92 196
92 200
92 207
92 212
92 243
92 244
92 249
92 258
92 274
92 306
92 313
92 314
92 315
92 333
92 343
92 406
92 418
92 430
92 455
92 458
92 459
92 493
92 514
92 523
92 555
92 562
92 563
92 569
92 584
92 585
92 586
92 587
92 603
92 746
92 762
92 767
93 248
93 258
93 263
93 297
93 691
94 115
94 116
94 121
94 122
94 123
94 128
94 148
94 151
94 163
94 169
94 194
94 207
94 236
94 278
94 285
94 290
94 370
94 463
94 530
94 576
94 628
94 651
94 696
94 804
94 808
95 96
95 97
95 134
95 166
95 167
95 229
95 244
95 378
95 407
95 798
96 97
96 98
96 108
96 109
96 110
96 112
96 125
96 133
96 134
96 140
96 141
96 147
96 148
96 161
96 162
96 168
96 194
96 195
96 225
96 244
96 246
96 268
96 295
96 299
96 313
96 334
96 346
96 350
96 352
96 370
96 406
96 415
96 474
96 481
96 483
96 513
96 514
96 523
96 536
96 555
96 587
96 626
96 639
96 641
96 642
96 654
96 699
96 730
96 776
97 106
97 108
97 116
97 127
97 131
97 145
97 147
97 148
97 166
97 196
97 207
97 208
97 211
97 269
97 272
97 282
97 296
97 297
97 340
97 350
97 406
97 415
97 439
97 493
97 588
98 99
98 112
98 134
98 155
98 158
98 163
98 164
98 165
98 175
98 193
98 196
98 199
98 205
98 224
98 244
98 248
98 250
98 273
98 321
98 331
98 431
98 494
98 518
98 594
98 606
98 694
98 724
100 101
100 102
100 115
100 117
100 125
100 196
100 347
100 566
100 567
100 568
100 790
101 102
101 103
101 116
101 148
101 165
101 350
101 392
101 393
102 112
102 120
102 122
102 129
102 134
102 140
102 148
102 162
102 166
102 195
102 199
102 201
102 203
102 205
102 211
102 238
102 240
102 273
102 297
102 341
102 350
102 355
102 405
102 413
102 439
102 494
102 554
102 636
102 660
102 739
103 104
103 105
103 106
103 107
103 112
103 115
103 133
103 148
103 165
103 243
103 257
103 261
103 306
103 350
103 392
103 393
103 435
103 788
104 105
104 106
104 107
104 148
104 194
104 207
104 406
105 106
105 107
105 129
105 196
105 216
105 273
105 315
105 471
105 472
105 473
105 646
106 107
106 108
106 114
106 129
106 134
106 140
106 143
106 147
106 148
106 151
106 192
106 196
106 207
106 236
106 273
106 305
106 343
106 350
106 363
106 588
106 676
107 140
107 196
107 292
107 404
107 405
108 109
108 110
108 119
108 127
108 137
108 140
108 141
108 147
108 184
108 195
108 196
108 199
108 211
108 225
108 269
108 270
108 276
108 277
108 278
108 295
108 296
108 297
108 378
108 388
108 396
108 413
108 421
108 448
108 455
108 461
108 521
108 548
108 646
108 713
109 110
109 151
109 196
109 321
109 774
110 134
110 137
110 151
112 113
112 116
112 123
112 125
112 133
112 137
112 140
112 147
112 148
112 150
112 158
112 162
112 180
112 181
112 196
112 199
112 201
112 205
112 235
112 236
112 244
112 261
112 268
112 292
112 322
112 333
112 341
112 344
112 347
112 387
112 406
112 416
112 513
112 740
112 759
112 791
113 133
113 134
113 168
113 188
113 217
113 246
113 458
113 459
113 497
114 128
114 148
114 236
114 259
114 363
115 116
115 125
115 128
115 133
115 155
115 179
115 196
115 199
115 248
115 254
115 255
115 260
115 285
115 306
115 308
115 347
115 370
115 397
115 651
116 119
116 125
116 128
116 129
116 132
116 137
116 140
116 143
116 145
116 148
116 151
116 156
116 158
116 162
116 166
116 168
116 169
116 193
116 194
116 195
116 196
116 205
116 207
116 225
116 240
116 248
116 249
116 259
116 279
116 282
116 284
116 285
116 289
116 291
116 314
116 318
116 322
116 329
116 340
116 343
116 347
116 360
116 370
116 381
116 397
116 405
116 431
116 439
116 549
116 617
116 651
116 677
116 732
116 733
116 809
116 815
117 118
117 195
117 647
119 120
119 125
119 129
119 134
119 140
119 141
119 143
119 148
119 151
119 158
119 166
119 168
119 169
119 170
119 182
119 191
119 192
119 193
119 194
119 205
119 213
119 223
119 237
119 248
119 259
119 272
119 297
119 315
119 331
119 343
119 378
119 379
119 380
119 383
119 395
119 415
119 431
119 445
119 455
119 492
119 592
119 608
119 616
119 617
119 624
119 676
119 711
120 143
120 148
120 169
120 191
120 277
120 343
120 550
120 573
120 574
120 589
120 590
121 122
121 123
121 132
121 148
121 159
121 163
121 188
121 192
121 244
121 248
121 256
121 263
121 297
121 406
121 539
121 603
121 612
121 706
121 723
122 123
122 273
122 439
122 494
122 636
123 248
123 384
123 643
124 125
124 126
124 155
124 195
124 320
125 126
125 133
125 143
125 148
125 154
125 196
125 205
125 207
125 258
125 263
125 268
125 297
125 322
125 340
125 347
125 415
125 513
125 542
125 609
125 673
127 128
127 129
127 130
127 131
127 145
127 199
127 200
127 421
127 713
128 129
128 130
128 131
128 147
128 148
128 161
128 165
128 187
128 191
128 194
128 199
128 236
128 240
128 259
128 273
128 324
128 460
128 576
128 587
129 130
129 131
129 134
129 156
129 158
129 160
129 169
129 196
129 202
129 203
129 204
129 207
129 240
129 279
129 285
129 297
129 305
129 323
129 419
129 431
129 463
129 467
129 471
129 472
129 473
129 531
129 624
129 665
129 686
129 754
129 755
130 131
131 133
131 140
131 162
131 196
131 236
131 240
131 312
131 340
131 347
131 350
131 406
131 415
131 419
131 420
131 456
131 464
131 485
131 681
132 134
132 156
132 158
132 159
132 161
132 194
132 196
132 199
132 240
132 246
132 248
132 313
132 314
132 315
132 319
132 560
132 614
132 690
132 803
133 134
133 148
133 151
133 158
133 168
133 170
133 188
133 191
133 192
133 195
133 205
133 207
133 214
133 221
133 240
133 248
133 268
133 297
133 306
133 313
133 332
133 341
133 350
133 378
133 414
133 419
133 456
133 458
133 459
133 468
133 485
133 506
133 507
133 536
133 546
133 547
133 601
133 637
133 639
133 676
133 708
134 139
134 140
134 142
134 143
134 144
134 148
134 149
134 151
134 158
134 161
134 162
134 167
134 168
134 171
134 180
134 182
134 192
134 194
134 195
134 196
134 199
134 205
134 207
134 211
134 217
134 236
134 243
134 244
134 248
134 249
134 258
134 259
134 260
134 263
134 272
134 273
134 284
134 297
134 301
134 302
134 303
134 307
134 315
134 332
134 333
134 341
134 343
134 347
134 350
134 356
134 378
134 381
134 406
134 407
134 416
134 424
134 433
134 434
134 448
134 455
134 462
134 464
134 467
134 490
134 497
134 503
134 504
134 506
134 507
134 526
134 527
134 531
134 562
134 563
134 570
134 571
134 594
134 611
134 616
134 617
134 629
134 686
134 746
134 771
134 792
135 200
135 350
135 370
135 378
135 500
135 516
136 137
136 151
136 248
136 497
136 800
136 801
137 140
137 148
137 194
137 199
137 207
137 243
137 248
137 314
137 318
137 343
137 388
137 437
137 555
137 556
137 557
137 558
137 563
138 203
138 219
138 236
138 406
138 576
139 140
140 143
140 147
140 156
140 158
140 161
140 168
140 191
140 194
140 196
140 199
140 205
140 217
140 235
140 236
140 244
140 259
140 289
140 292
140 313
140 318
140 330
140 331
140 332
140 333
140 360
140 388
140 396
140 398
140 399
140 404
140 405
140 410
140 439
140 451
140 464
140 502
140 587
140 592
140 624
140 634
140 641
140 642
140 651
140 681
140 729
140 796
141 147
141 230
141 231
141 269
141 285
141 481
141 529
141 624
141 654
141 662
141 664
142 143
142 144
143 144
143 169
143 199
143 223
143 237
143 240
143 271
143 304
143 422
143 447
143 459
143 502
143 528
143 537
143 538
143 799
145 195
145 248
145 256
145 397
145 464
145 488
145 489
145 531
146 168
146 243
146 350
146 455
146 464
146 503
147 148
147 157
147 162
147 191
147 194
147 205
147 207
147 209
147 235
147 236
147 248
147 297
147 329
147 344
147 347
147 440
147 536
147 587
147 588
147 678
147 679
147 797
148 149
148 158
148 161
148 162
148 165
148 166
148 168
148 182
148 191
148 194
148 207
148 236
148 237
148 240
148 243
148 255
148 256
148 259
148 268
148 273
148 278
148 282
148 284
148 286
148 305
148 314
148 317
148 318
148 338
148 339
148 340
148 344
148 350
148 381
148 392
148 393
148 396
148 406
148 416
148 423
148 429
148 437
148 439
148 440
148 487
148 506
148 569
148 601
148 625
148 676
148 727
148 739
148 751
148 759
148 766
148 791
149 150
149 199
149 248
149 284
149 297
149 467
149 771
151 152
151 161
151 162
151 168
151 189
151 190
151 196
151 207
151 214
151 244
151 248
151 294
151 415
151 497
151 519
151 610
151 672
151 673
151 676
151 708
151 709
151 724
151 800
151 801
153 154
154 167
154 188
154 207
154 297
154 406
154 673
154 736
155 199
156 240
156 285
156 319
157 158
157 209
157 237
157 297
157 329
157 344
157 350
157 454
157 459
157 654
157 712
158 162
158 168
158 194
158 196
158 199
158 217
158 238
158 240
158 243
158 248
158 259
158 268
158 273
158 274
158 278
158 282
158 283
158 292
158 297
158 301
158 317
158 318
158 329
158 378
158 385
158 402
158 403
158 406
158 419
158 439
158 463
158 467
158 524
158 624
158 803
158 815
159 191
159 199
159 248
159 467
160 313
160 377
161 162
161 165
161 166
161 168
161 171
161 188
161 196
161 199
161 259
161 268
161 285
161 286
161 297
161 309
161 315
161 330
161 331
161 332
161 333
161 337
161 396
161 415
161 506
161 673
161 707
161 719
161 724
161 751
162 178
162 179
162 180
162 199
162 203
162 207
162 243
162 249
162 273
162 297
162 315
162 318
162 344
162 350
162 372
162 378
162 413
162 416
162 424
162 436
162 462
162 484
162 513
162 523
162 536
162 627
162 739
162 792
163 164
163 165
163 179
163 233
163 234
163 245
163 246
163 247
163 249
163 272
163 280
163 406
163 423
163 502
163 516
163 612
163 784
164 165
164 329
164 341
164 413
164 433
165 166
165 205
165 206
165 350
165 392
165 393
165 405
165 423
165 431
165 528
165 651
165 692
165 700
166 195
166 196
166 199
166 205
166 206
166 211
166 217
166 225
166 229
166 243
166 249
166 282
166 297
166 307
166 315
166 332
166 376
166 413
166 416
166 439
166 443
166 444
166 455
166 462
166 498
166 517
166 640
167 168
167 169
167 200
167 240
167 259
167 312
167 318
167 378
167 405
167 475
167 559
167 562
167 563
167 798
168 169
168 171
168 188
168 196
168 199
168 203
168 205
168 214
168 217
168 225
168 236
168 240
168 243
168 246
168 291
168 297
168 318
168 330
168 331
168 332
168 333
168 344
168 347
168 350
168 360
168 361
168 378
168 402
168 427
168 428
168 429
168 459
168 481
168 497
168 551
168 676
168 699
168 731
168 738
168 739
168 766
169 196
169 210
169 236
169 431
169 463
169 513
169 532
169 549
169 628
169 631
169 632
170 240
170 292
171 172
171 199
171 205
171 211
171 224
171 236
171 268
171 273
171 302
171 326
171 327
171 343
171 347
171 350
171 462
171 573
171 617
172 401
174 175
174 176
174 177
174 197
175 176
175 177
175 196
175 198
175 209
175 244
175 272
175 466
175 555
175 591
175 626
176 177
178 179
178 180
178 369
179 180
179 248
179 297
179 471
180 248
180 249
180 416
182 338
182 339
182 340
182 407
182 527
182 549
182 687
184 185
184 186
184 329
184 333
184 521
184 579
184 765
185 186
187 199
188 195
188 196
188 203
188 221
188 280
188 297
188 310
188 341
188 344
188 345
188 413
188 435
188 446
188 458
188 459
188 499
188 514
188 587
188 618
188 619
188 670
188 757
189 190
191 192
191 193
191 194
191 195
191 199
191 205
191 212
191 237
191 248
191 259
191 273
191 282
191 290
191 297
191 305
191 315
191 341
191 343
191 344
191 367
191 378
191 416
191 419
191 422
191 423
191 451
191 464
191 467
191 573
191 574
191 587
191 592
191 708
191 745
191 763
191 779
191 780
191 781
191 797
192 193
192 194
192 244
192 297
192 301
192 302
192 303
192 332
192 415
192 439
192 455
192 506
192 507
192 555
192 584
192 585
192 586
192 603
192 702
192 706
193 194
193 267
193 268
193 321
193 518
193 732
193 733
194 196
194 199
194 203
194 207
194 230
194 248
194 260
194 263
194 268
194 269
194 272
194 288
194 292
194 297
194 315
194 324
194 344
194 347
194 354
194 406
194 415
194 439
194 451
194 462
194 466
194 550
194 555
194 556
194 557
194 558
194 560
194 587
194 616
194 617
194 702
195 199
195 203
195 205
195 248
195 249
195 273
195 276
195 277
195 278
195 320
195 344
195 378
195 416
195 433
195 435
195 446
195 461
195 531
195 549
196 197
196 199
196 201
196 202
196 203
196 204
196 205
196 236
196 238
196 239
196 243
196 244
196 249
196 262
196 276
196 278
196 291
196 292
196 297
196 308
196 315
196 318
196 331
196 333
196 341
196 343
196 344
196 347
196 352
196 360
196 404
196 405
196 406
196 427
196 428
196 429
196 431
196 451
196 453
196 458
196 463
196 471
196 472
196 473
196 490
196 493
196 539
196 570
196 571
196 591
196 629
196 638
196 651
196 652
196 658
196 659
196 670
196 768
197 315
197 318
197 356
197 370
197 449
197 651
197 652
199 200
199 203
199 205
199 211
199 243
199 246
199 262
199 268
199 273
199 284
199 297
199 304
199 315
199 318
199 324
199 348
199 388
199 424
199 432
199 436
199 441
199 442
199 462
199 467
199 468
199 519
199 520
199 552
199 573
199 587
199 601
199 608
199 627
199 666
199 667
199 674
199 698
199 716
199 771
199 792
200 244
200 312
200 315
200 350
200 370
200 500
200 559
202 203
202 204
202 259
202 313
202 322
202 392
202 450
203 204
203 219
203 246
203 343
203 435
203 446
203 481
203 536
203 587
205 224
205 225
205 236
205 244
205 263
205 292
205 297
205 343
205 346
205 347
205 350
205 352
205 431
205 445
205 498
205 513
205 587
205 592
205 653
205 658
205 659
206 439
206 620
207 208
207 259
207 273
207 278
207 280
207 284
207 297
207 305
207 373
207 374
207 535
207 555
207 556
207 557
207 558
207 588
207 673
207 746
208 375
209 210
209 211
209 212
209 297
209 329
210 211
210 212
210 549
210 631
211 212
211 243
211 269
211 296
211 297
211 302
211 580
211 617
212 343
213 711
214 215
214 676
216 220
216 237
216 241
216 273
216 315
216 343
216 455
216 646
216 789
217 331
217 385
217 497
217 552
217 729
218 219
218 220
218 259
219 220
221 514
222 225
222 601
224 248
224 326
224 327
224 724
225 226
225 227
225 268
225 439
225 478
225 479
225 498
225 511
225 551
225 601
225 747
226 227
230 231
230 364
233 234
233 291
233 408
233 503
234 298
234 516
234 784
235 236
236 237
236 259
236 263
236 340
236 343
236 344
236 347
236 350
236 463
236 464
236 495
236 496
236 628
236 681
237 459
237 712
237 807
238 239
238 341
238 370
238 660
240 241
240 243
240 255
240 285
240 315
240 327
240 340
240 343
240 422
240 456
240 485
240 620
240 690
240 802
241 295
241 343
241 344
241 463
241 789
242 243
242 355
242 805
243 262
243 273
243 297
243 322
243 329
243 350
243 364
243 378
243 392
243 406
243 415
243 424
243 437
243 448
243 455
243 459
243 464
243 480
243 503
243 508
243 528
243 539
243 580
243 598
243 608
243 620
243 622
243 685
243 741
243 792
244 246
244 289
244 297
244 325
244 343
244 407
244 433
244 434
244 475
244 486
244 494
244 603
244 610
244 623
244 638
244 706
245 246
245 247
246 247
246 297
246 299
246 343
246 424
246 439
246 600
246 614
248 249
248 258
248 259
248 274
248 284
248 289
248 296
248 301
248 315
248 329
248 332
248 392
248 414
248 432
248 455
248 475
248 497
248 560
248 580
248 617
248 630
248 643
248 683
248 724
248 745
248 800
248 801
249 272
249 307
249 464
249 484
249 611
250 251
250 252
250 253
252 253
254 255
255 297
255 389
255 390
255 391
255 406
255 475
255 703
255 704
256 257
257 344
257 564
259 262
259 297
259 315
259 334
259 335
259 396
259 405
259 439
259 450
259 475
259 491
259 531
259 536
259 599
259 624
259 745
260 462
262 297
262 608
263 264
263 292
263 343
263 381
263 539
263 653
265 266
267 268
268 273
268 291
268 333
268 545
268 573
268 698
269 270
269 288
269 296
269 297
269 301
270 297
270 459
270 578
272 275
272 288
272 351
272 375
272 415
272 506
272 514
272 616
272 617
272 697
273 275
273 282
273 283
273 297
273 315
273 343
273 392
273 406
273 415
273 439
273 505
273 553
273 554
273 573
273 595
273 596
273 603
273 606
273 636
273 646
273 664
273 741
275 415
275 528
276 277
276 278
277 278
278 328
278 344
278 420
278 426
278 439
278 453
278 662
279 754
279 755
280 294
280 459
280 499
280 502
282 283
282 297
282 439
282 464
284 289
284 455
284 458
284 467
284 509
284 510
284 552
284 617
284 771
285 286
285 370
285 481
285 651
285 662
285 664
286 751
287 288
288 289
288 308
288 333
288 351
288 615
288 759
289 308
289 615
289 617
290 305
290 593
291 344
291 408
291 427
291 428
291 429
291 503
292 293
292 297
292 315
292 324
292 341
292 404
292 405
292 406
292 653
295 344
296 297
296 329
297 307
297 315
297 329
297 332
297 342
297 343
297 350
297 419
297 439
297 463
297 464
297 471
297 506
297 507
297 550
297 588
297 608
297 624
297 646
297 670
297 678
297 679
297 680
297 691
297 760
297 794
299 344
299 522
299 523
301 302
301 303
301 392
302 303
302 617
303 455
305 724
305 744
307 464
307 611
308 347
308 397
308 615
308 760
311 312
312 347
312 419
312 420
312 559
313 314
313 315
313 322
313 350
313 377
313 392
313 462
313 530
313 639
313 641
313 642
313 688
313 758
314 381
314 382
315 343
315 370
315 416
315 439
315 491
315 640
315 646
315 745
315 758
315 769
316 552
317 318
318 343
318 356
318 360
318 449
318 462
318 627
321 518
321 774
322 340
322 392
322 480
326 327
326 406
327 343
329 525
329 526
329 765
330 331
330 332
330 333
331 332
331 333
331 383
331 552
332 333
332 432
332 506
332 507
333 344
333 406
333 545
333 579
333 759
334 335
334 481
334 730
338 339
338 340
339 340
340 495
340 496
341 343
341 344
341 423
341 433
341 477
341 490
341 660
341 740
342 398
342 756
343 370
343 381
343 416
343 439
343 573
343 574
343 588
343 671
343 769
343 789
343 816
344 345
344 354
344 397
344 427
344 428
344 429
344 476
344 522
344 523
344 564
344 572
344 654
344 779
344 780
344 781
347 350
347 419
347 420
347 519
348 349
350 370
350 392
350 393
350 406
350 413
350 415
350 454
350 455
350 458
350 463
350 464
350 500
350 503
350 639
350 676
350 739
350 775
352 370
352 658
352 659
355 378
355 406
355 805
355 806
356 449
357 358
364 508
365 366
370 500
370 624
370 651
370 786
371 475
371 489
371 564
373 374
378 379
378 380
378 396
378 406
378 419
378 516
378 708
378 798
378 806
379 380
379 439
381 382
383 607
385 701
389 390
389 391
390 391
392 393
392 406
392 741
396 651
396 727
396 764
396 796
397 809
398 399
402 403
402 739
404 405
405 475
405 554
406 415
406 458
406 514
406 523
406 576
406 612
406 649
406 663
406 741
406 806
407 549
407 750
407 782
408 503
412 413
413 462
413 565
413 587
413 618
413 619
413 739
415 424
415 439
415 597
415 598
415 673
415 702
415 724
416 421
416 624
416 640
416 720
416 721
416 763
419 420
419 463
419 624
419 708
420 464
421 624
421 713
421 720
421 721
422 423
423 477
424 598
424 792
427 428
427 429
428 429
429 551
430 458
430 762
433 434
433 555
433 810
433 811
435 446
438 439
439 600
439 620
439 624
439 636
439 662
439 702
439 760
441 442
443 444
448 528
448 685
455 456
455 458
455 464
455 489
455 503
455 504
455 555
455 584
455 585
455 586
455 813
456 485
458 459
458 749
458 750
458 762
459 499
459 537
459 538
459 578
459 712
462 565
462 627
463 515
463 624
463 628
464 488
464 489
464 503
464 611
464 681
464 748
467 725
467 726
467 771
469 470
471 472
471 473
472 473
475 486
475 489
475 580
475 703
475 704
478 479
481 482
481 662
481 664
481 730
482 555
482 629
488 489
489 813
493 668
493 669
495 496
497 800
497 801
506 507
506 697
509 510
513 753
514 523
516 784
519 520
522 523
525 526
526 629
528 685
528 692
530 804
531 665
531 684
537 538
541 542
541 543
542 543
546 547
549 631
550 589
550 590
550 626
552 716
552 770
553 554
555 556
555 557
555 558
555 584
555 585
555 586
555 629
555 776
555 810
555 811
556 557
556 558
557 558
562 563
566 567
566 568
567 568
570 571
573 574
584 585
584 586
585 586
587 618
587 619
587 621
589 590
595 596
600 655
601 625
603 706
604 605
607 761
616 617
618 619
620 676
624 720
624 721
641 642
644 742
651 652
651 700
651 796
658 659
662 664
666 667
668 669
673 724
678 679
703 704
708 709
710 711
711 795
720 721
724 744
725 726
732 733
749 750
750 782
754 755
759 791
772 773
777 778
779 780
779 781
780 781
800 801
810 811
