0 1
0 2
0 3
0 4
0 6
0 8
0 12
0 20
0 24
0 31
0 37
0 38
0 41
0 42
0 48
0 49
0 52
0 55
0 61
0 62
0 64
0 75
0 76
0 81
0 87
0 89
0 91
0 95
0 99
0 102
0 109
0 120
0 121
0 124
0 128
0 141
0 147
0 148
0 149
0 152
0 169
0 188
0 197
0 198
0 232
0 233
0 281
0 282
0 304
0 305
0 341
0 348
0 349
0 358
0 376
0 397
0 423
0 791
1 2
1 3
1 4
1 8
1 11
1 12
1 13
1 15
1 18
1 24
1 28
1 29
1 32
1 37
1 49
1 52
1 54
1 56
1 59
1 61
1 62
1 64
1 66
1 73
1 75
1 76
1 77
1 81
1 83
1 85
1 87
1 89
1 91
1 92
1 95
1 99
1 100
1 105
1 111
1 115
1 125
1 126
1 127
1 132
1 142
1 148
1 152
1 167
1 173
1 175
1 177
1 183
1 187
1 188
1 190
1 191
1 193
1 197
1 201
1 211
1 221
1 222
1 227
1 238
1 253
1 272
1 273
1 282
1 284
1 299
1 320
1 332
1 339
1 340
1 356
1 364
1 422
1 423
1 445
1 448
1 458
1 477
1 521
1 540
1 594
1 610
1 677
1 678
1 679
1 796
2 3
2 4
2 8
2 11
2 12
2 13
2 14
2 15
2 16
2 18
2 19
2 20
2 21
2 22
2 24
2 31
2 36
2 37
2 38
2 39
2 41
2 46
2 48
2 49
2 54
2 59
2 73
2 80
2 84
2 85
2 87
2 89
2 91
2 94
2 95
2 97
2 98
2 99
2 100
2 101
2 102
2 114
2 116
2 123
2 124
2 127
2 128
2 129
2 141
2 142
2 143
2 149
2 152
2 156
2 163
2 177
2 182
2 187
2 188
2 190
2 191
2 194
2 195
2 196
2 197
2 198
2 201
2 215
2 218
2 234
2 239
2 244
2 245
2 266
2 267
2 271
2 273
2 274
2 281
2 284
2 299
2 304
2 310
2 327
2 337
2 341
2 343
2 346
2 347
2 364
2 449
2 458
2 464
2 468
2 469
2 514
2 548
2 549
2 603
2 677
2 678
2 679
2 752
3 4
3 7
3 59
3 230
3 248
3 271
3 666
4 5
4 7
4 8
4 9
4 11
4 12
4 13
4 14
4 15
4 16
4 18
4 20
4 24
4 27
4 28
4 29
4 30
4 31
4 36
4 37
4 38
4 39
4 42
4 46
4 47
4 48
4 49
4 50
4 52
4 54
4 56
4 59
4 60
4 61
4 62
4 63
4 64
4 65
4 66
4 69
4 73
4 75
4 76
4 77
4 81
4 83
4 84
4 85
4 86
4 87
4 88
4 89
4 91
4 94
4 95
4 96
4 97
4 98
4 99
4 101
4 102
4 104
4 105
4 111
4 112
4 113
4 114
4 116
4 117
4 118
4 119
4 124
4 125
4 126
4 127
4 128
4 129
4 137
4 141
4 142
4 146
4 149
4 152
4 153
4 159
4 163
4 173
4 175
4 176
4 177
4 180
4 182
4 183
4 188
4 190
4 191
4 193
4 196
4 197
4 198
4 200
4 201
4 202
4 205
4 209
4 213
4 214
4 218
4 222
4 226
4 234
4 236
4 238
4 239
4 246
4 247
4 253
4 260
4 264
4 265
4 266
4 267
4 268
4 269
4 270
4 273
4 274
4 277
4 283
4 284
4 290
4 291
4 293
4 297
4 298
4 301
4 310
4 314
4 315
4 330
4 332
4 343
4 347
4 364
4 376
4 377
4 383
4 400
4 408
4 409
4 411
4 422
4 437
4 444
4 448
4 465
4 466
4 472
4 475
4 476
4 477
4 481
4 485
4 489
4 490
4 492
4 504
4 514
4 517
4 520
4 523
4 554
4 555
4 557
4 558
4 561
4 564
4 597
4 598
4 609
4 618
4 633
4 644
4 646
4 647
4 648
4 651
4 668
4 669
4 714
4 740
4 748
4 751
4 753
4 770
4 779
4 796
5 6
5 7
5 8
5 9
5 11
5 13
5 20
5 37
5 38
5 50
5 56
5 59
5 73
5 81
5 85
5 91
5 94
5 97
5 99
5 102
5 105
5 129
5 131
5 141
5 152
5 169
5 175
5 215
5 246
5 271
5 274
5 275
5 290
5 291
5 373
5 374
5 381
5 398
5 657
5 687
5 710
5 732
6 7
6 8
6 9
6 11
6 12
6 20
6 21
6 24
6 37
6 49
6 50
6 52
6 54
6 59
6 62
6 64
6 66
6 75
6 76
6 87
6 91
6 95
6 97
6 98
6 99
6 100
6 102
6 105
6 116
6 117
6 127
6 141
6 152
6 156
6 160
6 161
6 162
6 183
6 184
6 187
6 201
6 227
6 264
6 298
6 299
6 300
6 304
6 337
6 344
6 358
6 376
6 515
6 622
7 8
7 9
7 11
7 12
7 13
7 14
7 15
7 16
7 18
7 24
7 28
7 29
7 36
7 38
7 39
7 40
7 41
7 46
7 48
7 50
7 51
7 52
7 54
7 56
7 58
7 59
7 61
7 62
7 64
7 65
7 66
7 67
7 74
7 80
7 81
7 86
7 87
7 89
7 91
7 94
7 95
7 96
7 97
7 99
7 100
7 101
7 102
7 105
7 116
7 119
7 124
7 125
7 126
7 127
7 128
7 129
7 137
7 142
7 144
7 149
7 152
7 156
7 159
7 164
7 175
7 177
7 178
7 183
7 184
7 187
7 191
7 197
7 198
7 199
7 203
7 204
7 211
7 213
7 218
7 225
7 234
7 236
7 238
7 247
7 248
7 253
7 264
7 273
7 284
7 285
7 293
7 296
7 311
7 312
7 316
7 317
7 320
7 330
7 344
7 349
7 355
7 357
7 358
7 392
7 401
7 402
7 408
7 431
7 441
7 473
7 478
7 487
7 514
7 525
7 526
7 589
7 633
7 635
7 664
7 680
7 689
7 690
7 694
7 695
7 696
7 697
7 714
7 727
7 728
7 741
7 742
7 743
7 764
7 799
7 800
7 801
7 802
8 9
8 11
8 12
8 13
8 14
8 15
8 16
8 18
8 20
8 21
8 24
8 31
8 33
8 37
8 38
8 39
8 41
8 42
8 43
8 44
8 46
8 48
8 49
8 50
8 52
8 55
8 56
8 59
8 62
8 64
8 65
8 67
8 68
8 69
8 71
8 76
8 81
8 85
8 87
8 88
8 89
8 90
8 91
8 94
8 95
8 96
8 97
8 99
8 100
8 102
8 105
8 111
8 116
8 117
8 124
8 125
8 126
8 127
8 128
8 129
8 131
8 142
8 146
8 149
8 152
8 153
8 159
8 163
8 164
8 170
8 175
8 176
8 177
8 179
8 180
8 184
8 191
8 193
8 197
8 201
8 205
8 209
8 211
8 213
8 218
8 221
8 226
8 238
8 264
8 271
8 292
8 296
8 299
8 300
8 301
8 310
8 312
8 318
8 333
8 348
8 349
8 353
8 373
8 388
8 415
8 430
8 437
8 442
8 443
8 449
8 480
8 481
8 485
8 489
8 500
8 519
8 559
8 569
8 570
8 581
8 598
8 611
8 612
8 651
8 685
8 692
8 707
8 715
8 716
8 744
8 778
8 779
8 797
8 798
9 62
9 69
9 73
9 81
9 87
9 89
9 91
9 95
9 100
9 102
9 125
9 126
9 142
9 177
9 213
9 246
9 273
9 333
9 568
9 712
9 713
9 714
10 11
10 12
10 13
10 76
10 131
10 258
10 556
11 12
11 13
11 15
11 16
11 19
11 20
11 21
11 24
11 27
11 28
11 31
11 32
11 37
11 38
11 39
11 41
11 46
11 49
11 50
11 52
11 54
11 59
11 61
11 62
11 63
11 65
11 66
11 67
11 73
11 75
11 76
11 77
11 81
11 84
11 85
11 86
11 87
11 89
11 91
11 96
11 97
11 99
11 100
11 101
11 102
11 105
11 115
11 116
11 119
11 121
11 124
11 125
11 126
11 127
11 128
11 129
11 131
11 139
11 149
11 152
11 156
11 159
11 163
11 164
11 173
11 176
11 177
11 182
11 186
11 187
11 193
11 197
11 211
11 215
11 216
11 218
11 234
11 239
11 268
11 273
11 276
11 284
11 299
11 310
11 312
11 313
11 330
11 332
11 344
11 353
11 356
11 364
11 384
11 385
11 388
11 483
11 487
11 489
11 506
11 507
11 523
11 559
11 586
11 625
11 638
11 639
11 645
11 691
11 733
12 13
12 14
12 16
12 18
12 20
12 21
12 24
12 25
12 28
12 29
12 31
12 37
12 38
12 42
12 48
12 49
12 50
12 54
12 56
12 59
12 62
12 65
12 66
12 69
12 73
12 76
12 85
12 86
12 87
12 89
12 91
12 94
12 95
12 97
12 98
12 99
12 100
12 105
12 109
12 114
12 116
12 119
12 123
12 124
12 125
12 126
12 127
12 128
12 137
12 138
12 142
12 152
12 154
12 155
12 156
12 164
12 167
12 175
12 176
12 177
12 183
12 188
12 193
12 197
12 198
12 201
12 204
12 205
12 213
12 214
12 221
12 222
12 227
12 234
12 238
12 239
12 253
12 258
12 264
12 273
12 274
12 277
12 284
12 285
12 292
12 294
12 295
12 299
12 333
12 351
12 353
12 359
12 363
12 373
12 377
12 399
12 436
12 437
12 442
12 472
12 473
12 485
12 506
12 512
12 576
12 658
12 735
12 744
12 790
13 14
13 15
13 16
13 18
13 20
13 24
13 30
13 31
13 32
13 37
13 50
13 52
13 55
13 58
13 59
13 62
13 66
13 67
13 69
13 73
13 75
13 76
13 80
13 81
13 85
13 86
13 91
13 94
13 97
13 99
13 101
13 124
13 127
13 128
13 137
13 142
13 148
13 149
13 163
13 165
13 167
13 175
13 176
13 186
13 191
13 197
13 209
13 212
13 215
13 222
13 238
13 246
13 275
13 279
13 280
13 281
13 285
13 292
13 299
13 308
13 320
13 321
13 337
13 412
13 413
13 464
13 467
13 475
13 485
13 512
13 517
13 586
13 598
13 645
13 694
13 695
13 697
13 752
14 15
14 16
14 17
14 24
14 28
14 31
14 36
14 38
14 39
14 41
14 42
14 43
14 44
14 50
14 52
14 54
14 55
14 59
14 62
14 69
14 77
14 83
14 85
14 86
14 89
14 91
14 94
14 95
14 100
14 105
14 117
14 119
14 122
14 124
14 128
14 129
14 137
14 138
14 141
14 142
14 144
14 153
14 165
14 166
14 176
14 180
14 183
14 193
14 197
14 198
14 210
14 223
14 236
14 281
14 284
14 304
14 330
14 332
14 349
14 419
14 437
14 484
14 516
14 561
14 569
14 574
14 576
14 596
14 620
14 689
14 690
14 790
15 16
15 17
15 18
15 20
15 21
15 24
15 28
15 29
15 31
15 33
15 34
15 35
15 36
15 37
15 38
15 39
15 40
15 41
15 42
15 48
15 49
15 50
15 52
15 54
15 55
15 56
15 59
15 63
15 64
15 65
15 67
15 68
15 74
15 76
15 77
15 81
15 85
15 87
15 89
15 91
15 94
15 99
15 100
15 101
15 104
15 114
15 116
15 117
15 118
15 124
15 125
15 126
15 127
15 128
15 129
15 130
15 131
15 139
15 142
15 152
15 156
15 159
15 173
15 175
15 176
15 177
15 178
15 183
15 186
15 187
15 188
15 197
15 226
15 236
15 238
15 246
15 247
15 250
15 259
15 265
15 272
15 273
15 283
15 293
15 310
15 311
15 312
15 316
15 330
15 332
15 338
15 344
15 366
15 368
15 369
15 403
15 437
15 457
15 464
15 514
15 523
15 540
15 561
15 565
15 571
15 626
15 681
15 717
15 733
15 734
15 741
15 742
15 763
15 788
16 17
16 18
16 24
16 27
16 29
16 33
16 34
16 35
16 36
16 37
16 38
16 40
16 45
16 46
16 49
16 50
16 59
16 62
16 64
16 65
16 73
16 85
16 89
16 91
16 95
16 99
16 100
16 105
16 109
16 116
16 125
16 126
16 127
16 128
16 141
16 144
16 152
16 169
16 173
16 176
16 177
16 182
16 190
16 193
16 194
16 214
16 222
16 264
16 271
16 313
16 314
16 315
16 377
16 433
16 442
16 500
16 526
16 561
16 585
16 603
16 656
16 679
16 782
18 19
18 20
18 21
18 22
18 24
18 27
18 29
18 37
18 38
18 50
18 52
18 54
18 55
18 58
18 59
18 60
18 61
18 62
18 66
18 69
18 73
18 76
18 81
18 85
18 87
18 91
18 95
18 97
18 99
18 100
18 101
18 102
18 105
18 116
18 117
18 123
18 124
18 127
18 128
18 132
18 137
18 142
18 152
18 159
18 169
18 176
18 177
18 180
18 183
18 191
18 193
18 195
18 197
18 199
18 201
18 212
18 218
18 221
18 224
18 233
18 236
18 254
18 264
18 297
18 313
18 328
18 353
18 414
18 430
18 454
18 472
18 480
18 513
18 596
18 668
18 677
18 678
18 679
18 692
18 698
18 699
18 735
18 745
18 769
19 20
19 21
19 22
19 29
19 39
19 63
19 89
19 91
19 100
19 102
19 103
19 104
19 155
19 180
19 239
19 241
19 266
19 288
19 586
19 599
19 754
19 755
20 21
20 22
20 24
20 29
20 37
20 41
20 46
20 48
20 50
20 51
20 52
20 54
20 56
20 59
20 61
20 62
20 63
20 64
20 75
20 76
20 81
20 85
20 87
20 88
20 91
20 94
20 95
20 97
20 100
20 101
20 102
20 115
20 116
20 118
20 123
20 124
20 125
20 127
20 128
20 141
20 142
20 146
20 148
20 150
20 152
20 156
20 159
20 167
20 174
20 176
20 180
20 181
20 182
20 184
20 187
20 193
20 197
20 215
20 218
20 222
20 226
20 227
20 236
20 238
20 239
20 246
20 248
20 261
20 262
20 269
20 270
20 271
20 273
20 274
20 283
20 289
20 301
20 308
20 345
20 353
20 361
20 376
20 388
20 425
20 434
20 435
20 439
20 458
20 467
20 472
20 476
20 477
20 481
20 508
20 514
20 521
20 544
20 557
20 571
20 586
20 591
20 646
20 662
20 681
20 733
20 734
20 798
21 22
21 24
21 29
21 39
21 49
21 59
21 62
21 64
21 67
21 86
21 91
21 99
21 100
21 104
21 124
21 126
21 134
21 141
21 176
21 184
21 193
21 197
21 198
21 211
21 218
21 353
21 429
21 452
22 32
22 314
23 24
23 25
23 26
23 27
23 50
23 62
23 84
23 166
23 177
23 574
24 25
24 26
24 27
24 29
24 31
24 32
24 37
24 38
24 41
24 46
24 48
24 49
24 50
24 52
24 54
24 56
24 59
24 62
24 63
24 64
24 65
24 67
24 69
24 73
24 75
24 76
24 81
24 85
24 86
24 87
24 89
24 91
24 92
24 94
24 97
24 98
24 99
24 100
24 101
24 102
24 105
24 111
24 115
24 116
24 117
24 118
24 119
24 124
24 126
24 127
24 128
24 134
24 137
24 138
24 141
24 142
24 148
24 149
24 152
24 154
24 156
24 159
24 162
24 164
24 169
24 175
24 177
24 184
24 187
24 188
24 190
24 191
24 195
24 197
24 209
24 211
24 218
24 222
24 226
24 227
24 233
24 236
24 238
24 246
24 248
24 264
24 265
24 269
24 270
24 271
24 272
24 281
24 299
24 305
24 307
24 327
24 336
24 341
24 344
24 346
24 347
24 353
24 355
24 365
24 376
24 386
24 388
24 403
24 412
24 413
24 421
24 429
24 431
24 444
24 462
24 467
24 487
24 492
24 500
24 514
24 546
24 561
24 562
24 594
24 603
24 679
24 752
25 26
25 27
25 29
25 31
25 54
25 62
25 373
26 27
26 125
27 38
27 41
27 50
27 59
27 61
27 62
27 64
27 69
27 91
27 102
27 127
27 129
27 137
27 141
27 152
27 173
27 180
27 182
27 213
27 214
27 352
27 459
27 472
27 625
27 643
28 29
28 31
28 36
28 38
28 39
28 40
28 41
28 42
28 49
28 50
28 61
28 62
28 65
28 66
28 67
28 69
28 73
28 85
28 91
28 94
28 95
28 96
28 97
28 100
28 102
28 105
28 114
28 126
28 128
28 129
28 139
28 142
28 152
28 159
28 165
28 166
28 187
28 191
28 198
28 201
28 202
28 218
28 238
28 253
28 255
28 258
28 264
28 267
28 279
28 282
28 301
28 302
28 306
28 330
28 332
28 403
28 484
28 557
28 633
29 31
29 37
29 46
29 48
29 49
29 52
29 54
29 56
29 59
29 62
29 63
29 65
29 67
29 73
29 74
29 81
29 91
29 95
29 99
29 101
29 102
29 105
29 107
29 116
29 124
29 126
29 127
29 128
29 137
29 141
29 142
29 149
29 152
29 153
29 163
29 164
29 175
29 177
29 180
29 183
29 194
29 195
29 198
29 201
29 211
29 218
29 233
29 234
29 236
29 238
29 246
29 247
29 251
29 277
29 283
29 290
29 314
29 315
29 327
29 332
29 337
29 344
29 373
29 401
29 402
29 417
29 443
29 467
29 472
29 494
29 540
29 541
29 542
29 571
29 579
29 670
29 680
29 761
29 766
29 801
29 802
30 31
30 32
30 37
30 39
30 49
30 52
30 59
30 87
30 95
30 98
30 126
30 128
30 129
30 153
30 164
30 169
30 184
30 203
30 271
30 364
30 557
30 558
31 32
31 38
31 39
31 43
31 45
31 46
31 47
31 48
31 49
31 50
31 51
31 54
31 55
31 56
31 58
31 59
31 62
31 64
31 65
31 66
31 68
31 76
31 81
31 85
31 86
31 87
31 91
31 94
31 95
31 99
31 102
31 118
31 119
31 124
31 126
31 127
31 128
31 129
31 131
31 138
31 142
31 147
31 177
31 186
31 187
31 193
31 197
31 211
31 217
31 218
31 232
31 233
31 236
31 251
31 292
31 309
31 344
31 364
31 373
31 385
31 400
31 421
31 430
31 474
31 491
31 509
31 521
31 525
31 526
31 540
31 541
31 542
31 548
31 549
31 645
31 779
32 39
32 42
32 54
32 60
32 81
32 85
32 91
32 93
32 97
32 105
32 148
32 159
32 167
32 176
32 183
32 184
32 211
32 238
32 247
32 248
32 260
32 298
32 314
32 338
32 400
32 458
32 460
32 502
32 519
32 555
33 34
33 35
33 36
33 37
33 38
33 76
33 100
34 35
34 36
34 37
34 38
35 36
35 37
35 38
35 39
35 41
35 42
35 76
35 87
35 105
35 129
35 141
35 149
35 261
35 268
35 377
35 583
36 37
36 38
36 42
36 43
36 44
36 50
36 61
36 62
36 75
36 85
36 89
36 91
36 97
36 105
36 108
36 117
36 119
36 142
36 152
36 164
36 195
36 205
36 211
36 218
36 222
36 223
36 224
36 238
36 265
36 281
36 441
36 525
36 633
36 664
36 687
37 38
37 39
37 41
37 43
37 46
37 47
37 48
37 49
37 50
37 52
37 54
37 56
37 58
37 59
37 61
37 62
37 68
37 69
37 75
37 76
37 85
37 87
37 89
37 91
37 94
37 95
37 97
37 98
37 99
37 101
37 102
37 105
37 111
37 116
37 119
37 127
37 131
37 132
37 142
37 143
37 144
37 148
37 149
37 150
37 163
37 164
37 169
37 175
37 176
37 179
37 183
37 184
37 188
37 193
37 197
37 198
37 213
37 214
37 215
37 221
37 223
37 227
37 236
37 238
37 239
37 246
37 264
37 267
37 273
37 275
37 294
37 295
37 305
37 321
37 324
37 344
37 354
37 364
37 377
37 391
37 437
37 440
37 454
37 458
37 473
37 477
37 513
37 520
37 579
37 592
37 618
37 632
37 645
37 659
37 660
37 752
37 787
37 796
38 41
38 46
38 48
38 49
38 50
38 52
38 54
38 62
38 64
38 65
38 66
38 69
38 73
38 76
38 77
38 81
38 82
38 83
38 85
38 87
38 89
38 91
38 94
38 95
38 97
38 99
38 100
38 101
38 102
38 104
38 105
38 107
38 109
38 111
38 115
38 116
38 128
38 138
38 142
38 148
38 149
38 152
38 154
38 159
38 164
38 175
38 176
38 184
38 187
38 188
38 191
38 192
38 193
38 195
38 203
38 213
38 215
38 224
38 226
38 227
38 234
38 238
38 247
38 253
38 263
38 281
38 309
38 339
38 346
38 347
38 353
38 354
38 364
38 378
38 383
38 388
38 392
38 401
38 404
38 405
38 437
38 445
38 475
38 481
38 497
38 521
38 545
38 547
38 557
38 576
38 596
38 625
38 649
38 709
38 732
38 733
38 738
38 743
38 748
38 759
38 790
38 795
39 40
39 41
39 46
39 48
39 49
39 50
39 55
39 61
39 64
39 66
39 75
39 84
39 85
39 89
39 91
39 95
39 97
39 98
39 99
39 101
39 124
39 127
39 128
39 137
39 141
39 142
39 152
39 153
39 164
39 177
39 184
39 187
39 193
39 194
39 219
39 241
39 253
39 258
39 288
39 290
39 300
39 304
39 332
39 338
39 387
39 393
39 458
39 523
39 548
39 549
39 559
39 567
39 621
39 661
39 696
40 41
40 49
40 50
40 73
40 89
40 91
40 99
40 128
40 137
40 142
40 175
40 176
40 178
40 183
40 191
40 447
40 514
40 524
40 527
40 561
40 711
41 46
41 48
41 49
41 50
41 52
41 59
41 61
41 63
41 85
41 95
41 97
41 100
41 102
41 105
41 118
41 120
41 121
41 122
41 124
41 125
41 126
41 128
41 141
41 142
41 156
41 159
41 172
41 175
41 176
41 193
41 203
41 213
41 215
41 218
41 238
41 246
41 269
41 270
41 271
41 307
41 308
41 324
41 344
41 352
41 356
41 365
41 366
41 458
41 578
41 617
41 668
41 709
41 720
41 721
41 783
41 789
42 43
42 44
42 49
42 50
42 61
42 62
42 65
42 68
42 69
42 75
42 76
42 77
42 85
42 87
42 96
42 97
42 99
42 102
42 105
42 116
42 118
42 125
42 127
42 128
42 129
42 142
42 144
42 147
42 149
42 156
42 159
42 176
42 184
42 201
42 202
42 206
42 207
42 213
42 220
42 227
42 264
42 266
42 272
42 273
42 277
42 283
42 298
42 305
42 330
42 338
42 358
42 373
42 377
42 415
42 439
42 460
42 526
42 583
42 624
42 655
42 662
42 671
43 44
43 48
43 50
43 94
43 119
43 124
43 128
43 137
43 141
43 142
43 155
43 164
43 183
43 191
43 236
43 292
43 331
43 521
44 56
44 69
44 707
45 46
45 47
45 48
45 49
45 50
45 51
45 73
45 119
45 139
45 178
45 264
45 359
45 500
45 510
46 47
46 48
46 49
46 50
46 51
46 52
46 56
46 60
46 61
46 62
46 63
46 64
46 68
46 75
46 76
46 77
46 84
46 85
46 87
46 88
46 89
46 90
46 91
46 98
46 99
46 101
46 102
46 105
46 107
46 108
46 109
46 119
46 125
46 127
46 129
46 139
46 142
46 148
46 150
46 156
46 160
46 163
46 169
46 174
46 175
46 176
46 178
46 180
46 183
46 195
46 198
46 203
46 204
46 214
46 221
46 222
46 292
46 299
46 365
46 383
46 385
46 390
46 391
46 411
46 422
46 448
46 481
46 486
46 498
46 508
46 524
46 616
46 629
46 630
46 659
46 660
46 663
46 676
46 767
47 48
47 49
47 50
47 51
47 62
47 99
47 117
47 124
47 218
47 234
47 253
47 330
47 475
47 592
47 644
48 49
48 50
48 51
48 52
48 59
48 60
48 61
48 63
48 65
48 66
48 67
48 68
48 69
48 76
48 77
48 86
48 87
48 88
48 89
48 91
48 95
48 97
48 99
48 101
48 102
48 105
48 116
48 118
48 120
48 121
48 124
48 125
48 127
48 128
48 137
48 142
48 146
48 154
48 155
48 162
48 164
48 184
48 185
48 187
48 188
48 191
48 206
48 213
48 222
48 227
48 234
48 238
48 246
48 248
48 258
48 260
48 261
48 264
48 271
48 273
48 274
48 277
48 298
48 301
48 310
48 331
48 332
48 366
48 403
48 449
48 457
48 484
48 485
48 502
48 505
48 507
48 521
48 523
48 526
48 661
48 662
48 668
48 696
48 716
48 743
48 784
49 50
49 51
49 58
49 59
49 61
49 62
49 63
49 64
49 65
49 66
49 67
49 73
49 77
49 80
49 85
49 89
49 94
49 95
49 98
49 99
49 100
49 101
49 102
49 105
49 119
49 124
49 125
49 128
49 137
49 141
49 142
49 148
49 152
49 159
49 161
49 164
49 169
49 175
49 183
49 184
49 187
49 191
49 192
49 193
49 197
49 198
49 211
49 213
49 218
49 227
49 230
49 231
49 236
49 246
49 258
49 264
49 268
49 283
49 297
49 304
49 313
49 314
49 344
49 345
49 358
49 364
49 365
49 380
49 381
49 382
49 383
49 392
49 417
49 452
49 465
49 466
49 472
49 490
49 493
49 515
49 524
49 533
49 539
49 557
49 655
49 729
49 791
50 51
50 52
50 54
50 55
50 56
50 59
50 61
50 62
50 63
50 68
50 69
50 73
50 75
50 76
50 81
50 83
50 84
50 85
50 87
50 89
50 91
50 95
50 97
50 98
50 99
50 100
50 101
50 102
50 105
50 107
50 111
50 116
50 117
50 119
50 124
50 125
50 127
50 128
50 129
50 131
50 132
50 137
50 141
50 142
50 148
50 149
50 152
50 153
50 154
50 162
50 164
50 165
50 166
50 173
50 175
50 176
50 178
50 179
50 180
50 183
50 184
50 187
50 188
50 191
50 193
50 197
50 201
50 206
50 211
50 214
50 218
50 222
50 226
50 227
50 236
50 238
50 246
50 248
50 264
50 265
50 273
50 281
50 292
50 293
50 294
50 295
50 299
50 300
50 308
50 312
50 318
50 319
50 320
50 339
50 344
50 345
50 350
50 355
50 356
50 377
50 381
50 392
50 404
50 410
50 411
50 415
50 434
50 435
50 442
50 445
50 446
50 447
50 448
50 453
50 457
50 458
50 467
50 472
50 475
50 476
50 481
50 500
50 517
50 521
50 523
50 554
50 555
50 561
50 585
50 586
50 594
50 636
50 687
50 750
50 758
50 762
50 770
50 778
50 788
51 52
51 59
51 65
51 75
51 91
51 97
51 102
51 103
51 118
51 127
51 142
51 145
51 146
51 147
51 156
51 166
51 174
51 176
51 183
51 191
51 218
51 253
51 407
51 502
51 508
51 514
51 727
51 728
51 746
52 53
52 54
52 59
52 62
52 65
52 67
52 73
52 77
52 80
52 81
52 83
52 85
52 87
52 89
52 91
52 95
52 99
52 100
52 101
52 102
52 105
52 116
52 120
52 121
52 126
52 129
52 141
52 142
52 146
52 148
52 153
52 154
52 159
52 174
52 176
52 183
52 186
52 196
52 197
52 218
52 264
52 312
52 313
52 344
52 349
52 383
52 392
52 408
52 409
52 417
52 419
52 480
52 481
52 508
52 540
52 547
52 557
52 558
52 577
52 579
52 596
52 599
52 620
52 668
52 669
52 685
52 692
52 719
52 722
52 737
52 765
54 55
54 56
54 59
54 61
54 62
54 64
54 65
54 66
54 69
54 73
54 77
54 78
54 79
54 80
54 83
54 85
54 86
54 87
54 89
54 91
54 93
54 95
54 97
54 99
54 100
54 101
54 102
54 105
54 114
54 117
54 124
54 127
54 129
54 132
54 141
54 142
54 152
54 169
54 174
54 176
54 177
54 180
54 183
54 187
54 188
54 193
54 194
54 197
54 198
54 201
54 211
54 213
54 214
54 218
54 221
54 222
54 236
54 238
54 248
54 271
54 272
54 294
54 296
54 311
54 312
54 354
54 355
54 373
54 386
54 439
54 458
54 471
54 472
54 483
54 516
54 520
54 561
54 609
54 741
54 742
54 769
55 56
55 62
55 66
55 78
55 79
55 80
55 94
55 98
55 99
55 102
55 105
55 111
55 129
55 141
55 146
55 153
55 177
55 183
55 186
55 213
55 218
55 232
55 233
55 238
55 271
55 292
55 303
55 313
55 400
55 436
55 475
55 514
55 518
55 569
55 574
55 575
55 578
55 579
55 745
56 57
56 58
56 59
56 65
56 69
56 76
56 81
56 85
56 86
56 87
56 89
56 91
56 94
56 95
56 98
56 109
56 111
56 119
56 124
56 128
56 129
56 142
56 152
56 176
56 178
56 179
56 186
56 197
56 213
56 229
56 238
56 241
56 242
56 243
56 267
56 277
56 282
56 292
56 297
56 305
56 309
56 329
56 333
56 344
56 347
56 351
56 356
56 369
56 381
56 396
56 411
56 415
56 436
56 485
56 499
56 506
56 565
56 591
56 606
56 683
56 707
56 767
57 58
58 59
58 62
58 75
58 87
58 89
58 99
58 119
58 177
58 183
58 184
58 191
58 197
58 211
58 218
58 222
58 227
58 327
58 392
58 430
58 572
58 573
58 606
58 694
58 695
59 60
59 61
59 62
59 63
59 64
59 65
59 66
59 69
59 73
59 75
59 76
59 77
59 81
59 85
59 86
59 87
59 89
59 91
59 92
59 94
59 95
59 97
59 98
59 99
59 100
59 101
59 102
59 104
59 105
59 114
59 118
59 119
59 122
59 124
59 125
59 126
59 127
59 128
59 129
59 130
59 132
59 137
59 141
59 142
59 145
59 146
59 147
59 148
59 152
59 162
59 175
59 176
59 177
59 183
59 184
59 187
59 193
59 194
59 197
59 198
59 210
59 213
59 214
59 215
59 218
59 222
59 227
59 230
59 233
59 234
59 238
59 239
59 246
59 247
59 248
59 250
59 253
59 261
59 262
59 264
59 266
59 271
59 272
59 275
59 276
59 278
59 282
59 284
59 294
59 295
59 297
59 301
59 304
59 305
59 313
59 320
59 322
59 324
59 325
59 326
59 330
59 344
59 345
59 352
59 356
59 358
59 364
59 377
59 381
59 402
59 414
59 426
59 439
59 442
59 443
59 453
59 473
59 488
59 523
59 527
59 550
59 557
59 570
59 579
59 599
59 602
59 608
59 645
59 650
59 666
59 668
59 669
59 693
59 719
59 744
59 761
59 794
60 63
60 85
60 100
60 103
60 118
60 128
60 139
60 152
60 170
60 175
60 176
60 183
60 187
60 260
60 428
60 502
61 62
61 63
61 64
61 65
61 66
61 69
61 76
61 77
61 85
61 86
61 91
61 94
61 95
61 97
61 99
61 101
61 102
61 117
61 125
61 128
61 141
61 142
61 147
61 148
61 152
61 153
61 160
61 175
61 176
61 183
61 187
61 193
61 199
61 204
61 218
61 222
61 227
61 238
61 239
61 246
61 248
61 251
61 264
61 276
61 289
61 304
61 344
61 358
61 364
61 446
61 447
61 456
61 457
61 467
61 493
61 524
61 596
61 633
61 717
61 789
62 63
62 64
62 65
62 66
62 67
62 69
62 71
62 73
62 75
62 76
62 78
62 79
62 80
62 83
62 84
62 85
62 87
62 89
62 91
62 95
62 96
62 97
62 98
62 99
62 100
62 101
62 102
62 104
62 105
62 107
62 108
62 111
62 112
62 115
62 116
62 119
62 121
62 123
62 124
62 125
62 126
62 127
62 128
62 129
62 137
62 139
62 141
62 142
62 148
62 149
62 150
62 152
62 159
62 164
62 166
62 169
62 170
62 173
62 175
62 176
62 177
62 180
62 183
62 184
62 186
62 191
62 193
62 194
62 197
62 198
62 199
62 201
62 202
62 203
62 209
62 210
62 211
62 213
62 215
62 218
62 221
62 222
62 226
62 227
62 228
62 229
62 230
62 233
62 236
62 238
62 247
62 248
62 253
62 261
62 262
62 263
62 266
62 267
62 272
62 281
62 283
62 284
62 286
62 296
62 301
62 307
62 326
62 327
62 330
62 331
62 337
62 338
62 343
62 358
62 364
62 370
62 371
62 373
62 383
62 386
62 388
62 398
62 403
62 407
62 408
62 417
62 421
62 422
62 433
62 441
62 443
62 446
62 447
62 448
62 456
62 457
62 472
62 475
62 481
62 487
62 497
62 506
62 507
62 509
62 513
62 516
62 521
62 526
62 527
62 532
62 578
62 584
62 592
62 596
62 602
62 622
62 655
62 656
62 694
62 695
62 722
62 726
62 730
62 731
62 747
62 761
62 765
62 795
62 799
62 800
63 65
63 66
63 72
63 73
63 83
63 87
63 89
63 95
63 98
63 99
63 104
63 105
63 107
63 108
63 116
63 126
63 127
63 128
63 131
63 139
63 141
63 142
63 150
63 152
63 153
63 155
63 156
63 175
63 176
63 184
63 197
63 209
63 218
63 223
63 227
63 233
63 238
63 239
63 246
63 248
63 266
63 267
63 283
63 297
63 320
63 330
63 344
63 366
63 443
63 544
63 570
63 599
63 601
63 761
63 762
63 788
64 65
64 66
64 69
64 73
64 75
64 76
64 81
64 84
64 86
64 87
64 91
64 94
64 95
64 97
64 100
64 101
64 102
64 104
64 105
64 108
64 109
64 116
64 124
64 125
64 126
64 127
64 137
64 141
64 142
64 148
64 149
64 152
64 156
64 163
64 169
64 173
64 175
64 180
64 182
64 183
64 184
64 193
64 197
64 198
64 214
64 216
64 221
64 222
64 225
64 227
64 238
64 253
64 270
64 272
64 284
64 286
64 287
64 299
64 301
64 304
64 308
64 309
64 320
64 321
64 356
64 391
64 408
64 421
64 439
64 455
64 482
64 543
64 629
64 630
64 646
64 736
64 791
65 66
65 73
65 75
65 76
65 81
65 85
65 86
65 87
65 89
65 91
65 94
65 95
65 96
65 97
65 98
65 101
65 102
65 107
65 114
65 117
65 119
65 125
65 128
65 138
65 141
65 142
65 152
65 163
65 164
65 176
65 177
65 183
65 184
65 186
65 187
65 198
65 201
65 213
65 218
65 234
65 238
65 264
65 266
65 267
65 273
65 283
65 286
65 297
65 306
65 309
65 312
65 355
65 364
65 408
65 409
65 421
65 443
65 446
65 456
65 457
65 484
65 514
65 526
65 527
65 570
65 609
65 624
65 696
65 727
65 728
65 743
66 73
66 76
66 81
66 87
66 91
66 94
66 95
66 99
66 102
66 105
66 117
66 125
66 126
66 128
66 131
66 137
66 141
66 142
66 149
66 153
66 156
66 159
66 175
66 177
66 183
66 187
66 188
66 191
66 193
66 194
66 197
66 201
66 204
66 221
66 224
66 234
66 272
66 274
66 281
66 283
66 297
66 300
66 332
66 338
66 353
66 373
66 384
66 385
66 399
66 400
66 475
66 483
66 521
66 567
66 743
66 792
67 68
67 69
67 80
67 87
67 99
67 101
67 124
67 141
67 198
67 211
67 224
67 238
67 267
67 371
67 412
67 413
67 557
67 626
67 691
67 797
68 69
68 85
68 89
68 97
68 99
68 105
68 107
68 118
68 127
68 131
68 195
68 197
68 201
68 205
68 222
68 330
68 344
68 377
69 76
69 85
69 87
69 89
69 91
69 95
69 96
69 99
69 102
69 105
69 124
69 128
69 137
69 142
69 156
69 170
69 175
69 184
69 201
69 202
69 213
69 238
69 255
69 270
69 271
69 273
69 279
69 280
69 281
69 286
69 296
69 301
69 321
69 326
69 355
69 374
69 437
69 453
69 467
69 472
69 526
69 576
69 707
69 709
69 749
69 750
69 775
69 790
70 71
70 72
71 72
71 125
71 142
71 176
71 180
71 183
71 227
71 234
71 284
71 309
71 407
72 142
73 75
73 76
73 77
73 81
73 83
73 85
73 87
73 91
73 92
73 94
73 95
73 96
73 97
73 99
73 100
73 102
73 105
73 108
73 115
73 116
73 119
73 127
73 128
73 131
73 137
73 141
73 142
73 148
73 149
73 152
73 159
73 161
73 164
73 169
73 176
73 177
73 182
73 191
73 196
73 215
73 218
73 222
73 226
73 232
73 233
73 234
73 238
73 248
73 254
73 264
73 284
73 299
73 309
73 311
73 312
73 313
73 331
73 332
73 343
73 356
73 380
73 381
73 382
73 383
73 386
73 388
73 392
73 401
73 443
73 458
73 480
73 481
73 485
73 500
73 512
73 530
73 532
73 568
73 609
73 610
73 619
73 687
73 710
73 733
73 761
73 786
74 75
74 114
74 178
74 338
74 680
74 801
74 802
75 76
75 77
75 91
75 95
75 97
75 99
75 105
75 121
75 124
75 127
75 129
75 141
75 142
75 148
75 152
75 163
75 169
75 183
75 185
75 197
75 198
75 216
75 218
75 227
75 253
75 265
75 266
75 267
75 281
75 290
75 292
75 330
75 376
75 397
75 448
75 483
75 486
75 502
75 539
75 563
75 624
75 634
75 771
76 77
76 81
76 85
76 87
76 89
76 91
76 93
76 94
76 95
76 99
76 100
76 101
76 102
76 104
76 105
76 107
76 109
76 115
76 119
76 124
76 125
76 127
76 128
76 129
76 131
76 137
76 142
76 143
76 144
76 147
76 148
76 149
76 152
76 153
76 155
76 160
76 162
76 163
76 164
76 175
76 176
76 177
76 178
76 183
76 187
76 188
76 198
76 204
76 205
76 213
76 218
76 222
76 224
76 227
76 233
76 236
76 238
76 253
76 258
76 279
76 280
76 281
76 286
76 288
76 299
76 301
76 309
76 339
76 340
76 347
76 353
76 354
76 358
76 373
76 377
76 378
76 382
76 391
76 404
76 405
76 419
76 420
76 485
76 488
76 512
76 524
76 526
76 556
76 561
76 583
76 588
76 630
76 638
76 639
76 645
76 659
76 660
76 693
76 717
76 718
76 733
76 734
76 739
77 87
77 93
77 102
77 115
77 125
77 127
77 128
77 129
77 131
77 132
77 133
77 134
77 144
77 156
77 159
77 161
77 163
77 169
77 185
77 187
77 214
77 239
77 276
77 290
77 332
77 339
77 340
77 380
77 381
77 382
77 383
77 385
77 390
77 411
77 579
77 648
77 719
77 771
78 79
78 80
79 80
80 85
80 87
80 96
80 99
80 101
80 102
80 105
80 128
80 142
80 177
80 178
80 183
80 197
80 238
80 364
80 473
81 82
81 83
81 85
81 86
81 87
81 89
81 91
81 95
81 96
81 97
81 99
81 105
81 110
81 111
81 117
81 125
81 127
81 128
81 130
81 131
81 132
81 137
81 141
81 142
81 149
81 159
81 165
81 167
81 169
81 176
81 180
81 188
81 194
81 197
81 200
81 201
81 218
81 221
81 225
81 226
81 227
81 234
81 238
81 247
81 266
81 281
81 301
81 304
81 309
81 352
81 356
81 364
81 369
81 377
81 394
81 430
81 442
81 458
81 527
81 540
81 579
81 630
81 646
81 687
81 697
81 710
81 712
81 713
81 766
82 83
82 146
82 646
83 86
83 91
83 99
83 102
83 124
83 129
83 159
83 177
83 194
83 246
83 311
83 312
83 323
83 377
83 386
83 594
83 597
83 612
83 619
83 636
83 647
83 688
84 85
84 87
84 91
84 94
84 95
84 128
84 166
84 244
84 245
84 323
84 481
84 483
85 86
85 87
85 89
85 91
85 94
85 95
85 96
85 97
85 99
85 100
85 102
85 103
85 105
85 111
85 116
85 124
85 125
85 126
85 127
85 128
85 131
85 132
85 137
85 141
85 142
85 148
85 152
85 156
85 163
85 164
85 169
85 170
85 176
85 177
85 180
85 181
85 182
85 183
85 187
85 197
85 198
85 205
85 214
85 215
85 221
85 222
85 227
85 231
85 234
85 236
85 238
85 247
85 253
85 264
85 267
85 273
85 281
85 283
85 290
85 309
85 313
85 330
85 364
85 369
85 377
85 411
85 428
85 437
85 439
85 458
85 467
85 476
85 477
85 504
85 511
85 513
85 521
85 576
85 580
85 588
85 621
85 654
85 655
85 671
85 676
85 687
85 710
85 785
85 790
85 795
86 87
86 89
86 91
86 95
86 99
86 105
86 125
86 126
86 127
86 129
86 131
86 134
86 146
86 152
86 164
86 175
86 176
86 193
86 200
86 206
86 213
86 234
86 246
86 271
86 297
86 309
86 320
86 364
86 377
86 415
86 429
86 484
86 485
86 499
86 631
86 645
86 647
86 697
87 89
87 91
87 93
87 95
87 96
87 97
87 99
87 101
87 102
87 105
87 111
87 116
87 123
87 124
87 126
87 127
87 128
87 129
87 131
87 141
87 149
87 152
87 153
87 159
87 169
87 176
87 177
87 183
87 187
87 191
87 194
87 195
87 198
87 201
87 203
87 213
87 221
87 227
87 264
87 272
87 273
87 281
87 282
87 283
87 298
87 316
87 327
87 329
87 331
87 334
87 341
87 344
87 347
87 377
87 384
87 385
87 392
87 401
87 403
87 439
87 501
87 523
87 526
87 557
87 558
87 561
87 570
87 571
87 583
87 626
87 632
87 681
87 696
87 712
87 713
87 785
87 788
88 89
88 90
88 116
88 146
89 90
89 91
89 94
89 95
89 96
89 97
89 99
89 100
89 102
89 109
89 117
89 124
89 125
89 126
89 128
89 131
89 132
89 137
89 138
89 142
89 162
89 170
89 175
89 176
89 183
89 193
89 197
89 198
89 205
89 213
89 214
89 218
89 222
89 236
89 238
89 253
89 273
89 281
89 284
89 286
89 294
89 295
89 299
89 304
89 327
89 330
89 331
89 332
89 343
89 355
89 357
89 358
89 359
89 392
89 419
89 458
89 524
89 527
89 559
89 561
89 586
89 596
89 620
89 635
89 640
89 655
89 712
89 713
90 91
90 95
90 97
90 124
90 152
90 194
90 274
90 503
90 560
90 727
91 92
91 94
91 95
91 97
91 98
91 99
91 100
91 101
91 102
91 103
91 104
91 105
91 107
91 111
91 114
91 115
91 116
91 117
91 124
91 126
91 127
91 128
91 129
91 130
91 132
91 137
91 142
91 149
91 152
91 153
91 156
91 158
91 159
91 163
91 164
91 176
91 177
91 178
91 180
91 183
91 184
91 186
91 187
91 188
91 191
91 198
91 201
91 209
91 211
91 213
91 214
91 215
91 218
91 219
91 220
91 221
91 222
91 224
91 227
91 231
91 234
91 238
91 244
91 245
91 246
91 247
91 248
91 254
91 264
91 271
91 273
91 275
91 281
91 294
91 295
91 296
91 299
91 300
91 306
91 307
91 312
91 332
91 338
91 341
91 347
91 353
91 355
91 364
91 376
91 378
91 379
91 384
91 385
91 388
91 392
91 407
91 408
91 417
91 456
91 457
91 463
91 470
91 475
91 477
91 506
91 507
91 516
91 523
91 526
91 539
91 554
91 555
91 567
91 570
91 574
91 591
91 645
91 663
91 674
91 686
91 687
91 692
91 696
91 722
91 733
91 765
91 767
91 769
91 782
91 796
91 799
91 800
92 132
92 550
92 607
93 141
93 187
93 414
93 415
93 416
94 95
94 96
94 97
94 99
94 100
94 102
94 114
94 119
94 124
94 128
94 129
94 137
94 142
94 146
94 147
94 149
94 155
94 159
94 175
94 183
94 197
94 211
94 215
94 222
94 244
94 245
94 246
94 264
94 275
94 292
94 309
94 318
94 335
94 344
94 345
94 346
94 347
94 363
94 392
94 400
94 402
94 467
94 475
94 630
94 646
94 733
94 734
95 96
95 97
95 98
95 99
95 101
95 102
95 104
95 105
95 107
95 114
95 116
95 117
95 119
95 120
95 121
95 124
95 127
95 128
95 129
95 131
95 137
95 138
95 141
95 142
95 146
95 148
95 152
95 156
95 158
95 159
95 164
95 169
95 173
95 175
95 176
95 177
95 180
95 183
95 184
95 197
95 198
95 201
95 206
95 213
95 218
95 222
95 227
95 234
95 238
95 244
95 245
95 255
95 263
95 264
95 273
95 277
95 284
95 292
95 304
95 305
95 309
95 321
95 330
95 332
95 333
95 337
95 342
95 343
95 344
95 351
95 355
95 364
95 377
95 388
95 392
95 398
95 472
95 481
95 506
95 516
95 522
95 535
95 560
95 631
95 646
95 649
95 662
95 738
95 749
95 750
95 762
95 791
95 798
96 97
96 99
96 105
96 128
96 141
96 142
96 177
96 183
96 201
96 202
96 234
96 635
97 98
97 99
97 100
97 107
97 112
97 113
97 115
97 118
97 119
97 124
97 126
97 128
97 129
97 132
97 137
97 142
97 145
97 146
97 147
97 156
97 159
97 163
97 173
97 175
97 176
97 177
97 180
97 183
97 185
97 193
97 194
97 198
97 201
97 205
97 211
97 215
97 218
97 225
97 236
97 248
97 255
97 258
97 266
97 269
97 270
97 271
97 281
97 282
97 292
97 297
97 312
97 345
97 358
97 363
97 376
97 377
97 436
97 446
97 454
97 458
97 473
97 487
97 516
97 520
97 527
97 633
97 668
97 680
97 706
98 99
98 102
98 105
98 115
98 127
98 129
98 156
98 164
98 167
98 175
98 184
98 195
98 200
98 227
98 277
98 307
98 396
98 446
98 793
99 101
99 102
99 105
99 107
99 117
99 118
99 124
99 125
99 126
99 127
99 128
99 129
99 131
99 134
99 137
99 142
99 148
99 156
99 159
99 162
99 163
99 165
99 175
99 177
99 178
99 180
99 183
99 191
99 197
99 201
99 203
99 205
99 206
99 211
99 215
99 218
99 226
99 236
99 237
99 238
99 274
99 290
99 291
99 292
99 299
99 312
99 314
99 315
99 320
99 324
99 325
99 326
99 327
99 330
99 333
99 344
99 355
99 358
99 364
99 392
99 398
99 401
99 403
99 408
99 411
99 414
99 417
99 421
99 424
99 425
99 429
99 436
99 448
99 457
99 467
99 511
99 521
99 524
99 534
99 551
99 559
99 563
99 615
99 663
99 697
99 740
99 747
99 752
99 762
99 779
100 101
100 107
100 116
100 119
100 125
100 127
100 131
100 142
100 146
100 148
100 159
100 175
100 183
100 193
100 197
100 210
100 211
100 222
100 226
100 239
100 250
100 264
100 271
100 284
100 294
100 297
100 299
100 300
100 311
100 313
100 333
100 338
100 345
100 346
100 347
100 350
100 353
100 355
100 356
100 377
100 419
100 506
100 536
100 596
100 620
100 741
100 742
100 754
100 755
100 778
101 102
101 105
101 114
101 126
101 128
101 152
101 153
101 163
101 177
101 184
101 188
101 193
101 201
101 203
101 213
101 218
101 233
101 238
101 239
101 261
101 264
101 280
101 281
101 283
101 293
101 327
101 337
101 379
101 383
101 400
101 408
101 425
101 439
101 445
101 461
101 481
101 513
101 523
101 589
101 593
101 799
101 800
102 103
102 104
102 105
102 111
102 114
102 116
102 125
102 126
102 127
102 128
102 137
102 141
102 142
102 148
102 149
102 152
102 160
102 163
102 169
102 174
102 176
102 177
102 180
102 181
102 182
102 183
102 193
102 197
102 198
102 200
102 206
102 215
102 218
102 251
102 264
102 270
102 271
102 273
102 277
102 301
102 304
102 306
102 318
102 319
102 320
102 332
102 343
102 344
102 358
102 364
102 373
102 382
102 385
102 390
102 391
102 400
102 442
102 443
102 493
102 497
102 508
102 521
102 570
102 584
102 597
102 599
102 646
102 655
102 662
102 671
102 698
102 699
102 714
102 720
102 721
102 791
103 104
103 111
103 124
103 127
103 128
103 170
103 191
103 252
103 407
103 428
103 471
103 646
104 109
104 127
104 142
104 152
104 163
104 176
104 253
104 283
104 330
104 337
104 376
104 516
105 106
105 107
105 117
105 119
105 121
105 124
105 125
105 126
105 127
105 128
105 129
105 141
105 142
105 149
105 151
105 152
105 153
105 162
105 165
105 175
105 176
105 178
105 180
105 183
105 184
105 193
105 195
105 197
105 200
105 211
105 214
105 216
105 222
105 224
105 227
105 228
105 233
105 234
105 238
105 248
105 249
105 250
105 258
105 272
105 277
105 281
105 296
105 298
105 299
105 301
105 309
105 313
105 322
105 324
105 327
105 331
105 332
105 347
105 349
105 353
105 358
105 376
105 377
105 382
105 386
105 429
105 438
105 443
105 448
105 454
105 458
105 461
105 465
105 466
105 473
105 483
105 500
105 513
105 514
105 518
105 519
105 527
105 529
105 543
105 547
105 557
105 583
105 613
105 623
105 663
105 715
105 732
105 745
105 761
105 773
105 776
105 777
106 118
106 227
106 338
106 344
107 116
107 118
107 119
107 129
107 137
107 142
107 180
107 195
107 197
107 219
107 226
107 266
107 297
107 345
107 347
107 417
107 421
107 425
107 480
107 521
107 649
108 142
108 148
108 152
108 183
108 211
108 221
108 222
108 223
108 224
108 629
108 630
109 138
109 152
109 176
109 193
109 253
109 606
110 111
111 124
111 137
111 141
111 148
111 149
111 154
111 184
111 213
111 226
111 227
111 252
111 273
111 422
111 436
111 442
111 443
111 477
111 654
111 796
112 113
112 327
114 119
114 129
114 138
114 150
114 176
114 178
114 187
114 198
114 213
114 218
114 239
114 250
114 264
114 294
114 306
114 327
114 337
114 338
115 116
115 117
115 118
115 119
115 125
115 127
115 142
115 149
115 163
115 187
115 281
115 304
115 307
115 339
115 340
115 361
115 451
115 748
116 117
116 118
116 119
116 123
116 126
116 141
116 142
116 146
116 157
116 158
116 159
116 164
116 175
116 180
116 183
116 190
116 194
116 198
116 211
116 213
116 222
116 227
116 234
116 238
116 250
116 254
116 264
116 286
116 287
116 310
116 344
116 368
116 369
116 437
116 444
116 480
116 506
116 536
116 603
116 649
116 670
116 679
116 692
116 788
117 118
117 119
117 124
117 127
117 129
117 137
117 148
117 149
117 150
117 173
117 174
117 175
117 180
117 183
117 191
117 205
117 218
117 227
117 234
117 250
117 253
117 259
117 264
117 296
117 299
117 328
117 330
117 339
117 355
117 386
117 471
117 500
117 519
117 644
117 715
118 119
118 125
118 131
118 145
118 146
118 147
118 156
118 159
118 206
118 207
118 227
118 260
118 269
118 270
118 271
118 344
118 480
119 124
119 126
119 127
119 137
119 138
119 153
119 173
119 180
119 183
119 198
119 213
119 284
119 285
119 292
119 297
119 305
119 326
119 344
119 345
119 355
119 385
119 391
119 429
119 437
119 446
119 514
119 537
119 538
119 595
119 618
119 659
119 660
119 758
120 121
121 253
121 483
122 126
122 203
122 307
122 308
123 124
123 152
123 164
123 239
123 273
123 274
123 403
123 523
124 126
124 127
124 137
124 141
124 142
124 152
124 153
124 156
124 162
124 167
124 170
124 176
124 180
124 183
124 187
124 193
124 194
124 198
124 211
124 216
124 218
124 222
124 226
124 228
124 234
124 238
124 246
124 247
124 252
124 253
124 267
124 284
124 285
124 286
124 290
124 299
124 304
124 305
124 308
124 316
124 317
124 330
124 332
124 343
124 345
124 397
124 408
124 424
124 434
124 435
124 454
124 468
124 469
124 471
124 472
124 473
124 500
124 523
124 586
124 591
124 612
124 621
124 623
124 642
124 644
124 646
124 688
124 733
124 734
124 779
125 126
125 127
125 128
125 137
125 142
125 148
125 156
125 175
125 180
125 181
125 182
125 184
125 187
125 206
125 218
125 227
125 234
125 253
125 261
125 262
125 292
125 301
125 309
125 313
125 331
125 333
125 339
125 340
125 356
125 376
125 521
125 557
125 613
125 650
125 655
125 662
126 127
126 129
126 142
126 152
126 153
126 159
126 164
126 175
126 176
126 178
126 183
126 184
126 187
126 188
126 197
126 203
126 211
126 214
126 221
126 222
126 227
126 233
126 234
126 236
126 238
126 267
126 269
126 271
126 284
126 285
126 305
126 307
126 308
126 330
126 337
126 349
126 351
126 368
126 369
126 372
126 384
126 385
126 391
126 415
126 433
126 438
126 500
126 547
126 557
126 558
126 562
126 563
126 593
126 768
126 779
127 128
127 129
127 130
127 131
127 137
127 141
127 142
127 148
127 149
127 152
127 154
127 156
127 159
127 163
127 164
127 165
127 173
127 175
127 176
127 177
127 180
127 182
127 183
127 185
127 187
127 191
127 195
127 196
127 197
127 198
127 214
127 234
127 247
127 256
127 264
127 267
127 282
127 283
127 290
127 298
127 299
127 304
127 311
127 321
127 330
127 337
127 339
127 340
127 352
127 364
127 376
127 391
127 407
127 408
127 424
127 442
127 446
127 448
127 513
127 579
127 595
127 603
127 621
127 645
127 659
127 660
127 741
127 742
127 756
128 137
128 139
128 141
128 142
128 148
128 152
128 156
128 159
128 161
128 164
128 165
128 170
128 175
128 176
128 177
128 180
128 182
128 183
128 184
128 186
128 194
128 197
128 201
128 203
128 213
128 218
128 227
128 244
128 245
128 248
128 266
128 271
128 277
128 282
128 283
128 284
128 297
128 316
128 332
128 338
128 348
128 349
128 355
128 364
128 369
128 373
128 377
128 380
128 381
128 382
128 383
128 403
128 428
128 437
128 445
128 456
128 457
128 492
128 514
128 524
128 526
128 546
128 548
128 549
128 570
128 576
128 617
128 654
128 668
128 682
128 790
129 131
129 137
129 141
129 149
129 152
129 153
129 163
129 175
129 176
129 177
129 180
129 184
129 187
129 203
129 214
129 215
129 216
129 222
129 227
129 234
129 250
129 253
129 259
129 260
129 264
129 282
129 296
129 305
129 330
129 377
129 403
129 417
129 425
129 459
129 467
129 486
129 491
129 506
129 507
129 515
129 521
129 543
129 557
129 558
129 583
129 697
129 724
129 725
129 793
130 137
130 247
130 352
130 442
130 579
131 132
131 133
131 134
131 142
131 152
131 169
131 170
131 183
131 193
131 258
131 283
131 321
131 344
131 556
131 632
131 638
131 639
131 687
131 710
131 762
132 133
132 134
132 176
132 215
132 221
132 236
132 364
132 454
132 458
132 550
132 686
132 687
133 134
134 429
135 136
135 137
135 138
135 139
135 140
135 141
135 142
136 137
136 138
136 139
136 140
136 141
136 142
137 138
137 139
137 140
137 141
137 142
137 152
137 162
137 163
137 170
137 175
137 180
137 183
137 193
137 222
137 225
137 238
137 247
137 277
137 286
137 299
137 316
137 317
137 328
137 332
137 343
137 347
137 352
137 422
137 442
137 459
137 485
137 512
137 522
137 524
137 579
137 584
137 602
138 139
138 140
138 141
138 142
138 176
138 193
138 206
138 213
138 281
138 341
138 411
139 140
139 141
139 142
139 159
139 175
139 176
139 186
139 338
139 364
139 510
140 141
140 142
141 142
141 152
141 173
141 175
141 180
141 182
141 183
141 187
141 188
141 191
141 193
141 198
141 211
141 214
141 222
141 230
141 233
141 234
141 240
141 246
141 253
141 266
141 281
141 297
141 301
141 312
141 313
141 371
141 374
141 408
141 409
141 414
141 415
141 416
141 515
141 557
141 563
141 657
141 682
141 700
141 701
141 766
142 143
142 146
142 148
142 149
142 151
142 152
142 153
142 154
142 156
142 159
142 163
142 164
142 165
142 175
142 176
142 177
142 178
142 183
142 187
142 188
142 191
142 193
142 196
142 197
142 200
142 201
142 202
142 210
142 213
142 218
142 221
142 223
142 224
142 227
142 230
142 231
142 238
142 246
142 247
142 250
142 253
142 264
142 268
142 273
142 281
142 282
142 286
142 296
142 304
142 308
142 316
142 317
142 318
142 321
142 330
142 331
142 337
142 344
142 353
142 358
142 361
142 364
142 403
142 411
142 417
142 421
142 437
142 440
142 447
142 455
142 472
142 475
142 502
142 513
142 514
142 516
142 527
142 539
142 557
142 568
142 577
142 579
142 581
142 600
142 618
142 629
142 630
142 635
142 645
142 649
142 655
142 676
142 683
142 685
142 692
142 729
142 730
142 731
142 735
142 769
142 779
143 144
143 163
143 299
143 310
143 514
144 264
144 526
145 146
145 147
146 147
146 177
146 218
146 238
146 264
146 271
146 475
146 578
146 579
146 646
147 156
147 165
147 213
147 217
147 218
147 299
147 358
147 615
147 646
147 746
148 149
148 150
148 154
148 167
148 175
148 176
148 177
148 180
148 181
148 182
148 183
148 184
148 194
148 198
148 221
148 226
148 227
148 231
148 232
148 268
148 284
148 343
148 377
148 448
148 472
148 521
148 539
148 629
148 630
148 786
149 150
149 175
149 176
149 178
149 183
149 186
149 195
149 197
149 213
149 216
149 222
149 267
149 281
149 294
149 309
149 344
149 354
149 377
149 427
149 442
149 443
149 475
149 583
149 748
149 787
150 156
150 178
150 228
150 229
150 230
150 239
150 544
151 152
151 153
152 153
152 162
152 168
152 169
152 175
152 176
152 177
152 186
152 188
152 193
152 194
152 201
152 203
152 206
152 211
152 216
152 222
152 223
152 224
152 228
152 233
152 238
152 239
152 246
152 247
152 253
152 267
152 273
152 274
152 301
152 316
152 317
152 318
152 319
152 320
152 321
152 378
152 387
152 404
152 405
152 454
152 472
152 473
152 515
152 521
152 560
152 565
152 571
152 593
152 623
152 631
152 681
152 769
152 795
153 155
153 165
153 177
153 184
153 191
153 198
153 209
153 222
153 300
153 332
153 338
153 467
153 485
153 537
153 538
153 557
153 558
153 567
153 569
153 651
153 739
154 155
154 156
154 183
154 184
154 196
154 226
154 227
154 264
155 166
155 177
155 183
155 222
155 239
155 266
155 330
155 363
155 376
155 479
155 590
155 599
155 739
155 772
156 177
156 183
156 187
156 206
156 215
156 255
156 264
156 299
156 305
156 320
156 355
156 408
156 424
156 437
156 458
156 513
156 544
156 693
156 702
156 746
156 749
156 750
157 158
157 159
158 159
159 165
159 175
159 176
159 187
159 188
159 195
159 211
159 238
159 247
159 263
159 269
159 270
159 271
159 296
159 311
159 358
159 364
159 400
159 500
159 513
159 519
159 562
159 596
159 619
159 685
159 730
159 731
159 738
159 756
160 161
160 162
160 176
160 204
160 524
161 162
161 380
161 381
161 382
161 383
162 228
162 454
162 623
163 177
163 197
163 230
163 261
163 299
163 310
163 332
163 333
163 358
163 411
163 486
163 513
163 514
163 611
163 612
163 645
163 648
164 176
164 184
164 191
164 208
164 209
164 234
164 238
164 269
164 271
164 281
164 284
164 299
164 316
164 331
164 373
164 514
165 166
165 230
165 249
165 250
165 298
165 299
165 318
165 483
165 615
166 376
166 772
167 175
167 281
167 377
167 665
168 169
169 198
169 221
169 271
169 304
169 370
169 371
169 385
169 390
169 687
169 710
169 791
170 238
170 286
170 428
171 172
172 213
172 668
173 174
173 176
173 182
173 214
173 226
173 227
173 410
173 495
174 176
174 213
174 236
174 296
174 508
175 176
175 177
175 178
175 180
175 191
175 209
175 238
175 246
175 250
175 259
175 263
175 274
175 281
175 290
175 291
175 320
175 326
175 345
175 354
175 364
175 365
175 401
175 402
175 411
175 429
175 436
175 447
175 475
175 500
175 506
175 514
175 524
175 526
175 527
175 536
175 562
175 578
175 598
175 697
175 709
175 717
175 738
175 775
175 787
176 177
176 178
176 191
176 193
176 197
176 204
176 216
176 221
176 222
176 223
176 227
176 234
176 236
176 238
176 247
176 250
176 263
176 264
176 266
176 273
176 330
176 331
176 337
176 364
176 367
176 386
176 433
176 447
176 454
176 508
176 514
176 516
176 524
176 527
176 543
176 578
176 603
176 655
176 668
176 669
176 671
176 738
176 769
177 183
177 184
177 187
177 188
177 191
177 193
177 194
177 197
177 201
177 203
177 211
177 218
177 221
177 238
177 271
177 290
177 296
177 297
177 299
177 322
177 330
177 358
177 363
177 373
177 377
177 387
177 399
177 430
177 437
177 475
177 494
177 546
177 568
177 574
177 576
177 578
177 579
177 597
177 603
177 611
177 612
177 656
177 677
177 678
177 679
177 693
177 739
177 782
178 179
178 188
178 197
178 213
178 238
178 241
178 242
178 243
178 338
178 344
178 447
178 473
178 514
178 527
178 559
179 238
180 181
180 182
180 183
180 187
180 191
180 194
180 200
180 219
180 222
180 224
180 233
180 248
180 276
180 281
180 284
180 326
180 347
180 355
180 407
180 459
180 472
180 478
180 479
180 554
180 555
180 646
180 662
180 666
180 670
180 758
181 182
182 213
182 214
183 184
183 193
183 194
183 197
183 198
183 218
183 221
183 222
183 238
183 253
183 260
183 264
183 272
183 284
183 303
183 338
183 355
183 358
183 363
183 364
183 368
183 369
183 373
183 392
183 399
183 407
183 411
183 417
183 419
183 420
183 473
183 502
183 511
183 572
183 573
183 629
183 630
183 670
183 674
183 735
183 740
183 765
184 203
184 218
184 222
184 226
184 227
184 253
184 271
184 296
184 298
184 305
184 337
184 338
184 374
184 375
184 376
184 392
184 460
184 467
184 557
184 572
184 573
184 613
184 716
185 198
185 292
185 330
186 187
186 213
186 267
186 273
186 292
186 338
186 364
186 565
187 193
187 200
187 226
187 234
187 246
187 253
187 267
187 282
187 290
187 294
187 330
187 339
187 340
187 345
187 403
187 434
187 435
187 437
187 478
187 479
187 515
187 533
187 621
187 743
188 189
188 194
188 200
188 201
188 203
188 233
188 579
188 593
190 191
190 271
190 283
190 472
190 603
190 679
191 192
191 193
191 197
191 201
191 238
191 271
191 283
191 331
191 378
191 379
191 407
191 472
191 485
191 603
191 651
191 677
191 678
191 679
191 687
191 694
191 695
192 193
193 194
193 197
193 198
193 199
193 206
193 238
193 308
193 318
193 319
193 320
193 332
193 353
193 387
193 406
193 455
193 520
193 596
193 628
193 680
194 222
194 246
194 253
194 386
194 387
194 448
194 670
195 197
197 211
197 218
197 222
197 227
197 236
197 264
197 265
197 272
197 281
197 282
197 335
197 353
197 364
197 369
197 394
197 411
197 414
197 423
197 427
197 430
197 480
197 509
197 511
197 546
197 594
197 623
197 630
197 667
197 737
197 774
198 199
198 211
198 218
198 227
198 284
198 292
198 304
198 306
198 377
198 391
198 442
198 520
198 658
198 659
198 660
198 791
199 596
200 201
200 360
200 361
200 362
200 478
200 479
200 564
200 579
201 202
201 218
201 263
201 377
201 404
201 481
201 514
201 515
201 579
201 654
201 677
201 678
201 679
203 233
203 296
203 307
203 308
203 593
203 615
204 205
204 281
204 392
204 521
204 524
204 792
205 218
205 222
205 504
206 207
206 281
206 310
206 318
206 319
206 320
206 341
206 411
206 627
206 631
206 784
208 209
209 388
209 598
210 218
211 222
211 223
211 224
211 234
211 239
211 248
211 292
211 299
211 300
211 312
211 318
211 430
211 458
211 480
211 623
211 778
212 477
213 218
213 236
213 248
213 267
213 271
213 273
213 286
213 296
213 344
213 364
213 436
213 484
213 485
213 566
213 668
213 718
214 294
214 295
214 309
214 458
214 513
215 226
215 246
215 275
215 396
215 458
215 497
215 506
215 507
215 532
215 672
216 543
217 218
218 227
218 234
218 238
218 253
218 271
218 306
218 314
218 330
218 356
218 358
218 363
218 364
218 388
218 417
218 441
218 452
218 456
218 457
218 475
218 481
218 502
218 509
218 557
218 578
218 579
218 606
218 608
218 609
218 644
218 765
218 798
219 220
219 393
220 377
221 304
221 364
221 373
221 386
221 399
221 629
221 630
221 768
222 223
222 224
222 227
222 239
222 247
222 248
222 253
222 272
222 273
222 284
222 289
222 294
222 299
222 305
222 356
222 363
222 364
222 392
222 397
222 407
222 418
222 426
222 433
222 455
222 504
222 523
222 531
222 572
222 573
222 773
223 224
223 227
223 248
223 344
223 440
224 353
225 455
226 227
226 345
226 434
226 435
226 532
226 750
227 236
227 248
227 253
227 281
227 284
227 298
227 299
227 300
227 305
227 330
227 344
227 354
227 422
227 442
227 655
227 658
227 667
227 675
227 692
227 736
227 773
228 229
228 230
228 454
228 623
229 230
229 415
230 246
230 271
230 298
230 318
230 483
230 557
230 666
231 268
231 472
231 539
232 233
232 343
232 786
233 313
233 320
233 397
233 443
233 488
233 534
233 593
233 745
233 761
234 235
234 236
234 253
234 309
234 330
234 364
234 470
234 557
234 608
234 644
234 743
235 236
236 265
236 292
236 296
236 330
236 332
236 337
236 454
236 458
236 476
236 477
236 521
236 540
236 561
236 594
236 655
236 708
236 747
237 238
238 246
238 247
238 250
238 263
238 267
238 271
238 277
238 281
238 286
238 299
238 308
238 320
238 344
238 364
238 366
238 368
238 369
238 378
238 379
238 455
238 473
238 475
238 485
238 512
238 514
238 525
238 527
238 557
238 578
238 579
238 589
238 664
238 738
239 266
239 273
239 274
239 276
239 327
239 337
239 599
240 259
240 614
241 242
241 243
241 288
242 243
244 245
246 247
246 275
246 366
246 377
246 515
246 533
246 557
246 647
247 316
247 317
247 352
247 407
247 442
247 523
247 579
247 596
248 273
248 289
248 426
248 711
249 250
250 259
250 277
250 377
250 506
250 536
251 540
251 541
251 542
253 273
253 282
253 283
253 330
253 357
253 358
253 403
253 496
253 502
253 644
253 696
253 736
253 744
255 282
255 749
255 750
257 258
258 516
258 556
258 661
259 614
260 502
261 262
261 268
261 310
261 311
263 364
263 738
264 265
264 266
264 299
264 344
264 345
264 439
264 500
264 513
264 526
264 570
264 668
264 669
265 266
265 344
265 594
265 717
265 763
266 309
266 330
266 421
266 454
266 455
266 485
266 527
266 563
266 599
266 624
266 748
267 343
267 468
267 469
267 557
267 601
268 472
268 539
269 270
269 271
269 284
269 472
270 271
270 301
271 283
271 316
271 373
271 374
271 449
271 472
271 475
271 484
271 485
271 578
271 579
271 666
273 274
273 477
273 526
273 655
273 671
273 696
273 711
273 796
274 290
274 291
274 483
274 505
274 513
274 652
274 653
274 727
276 347
276 459
277 292
277 332
277 333
277 351
277 506
277 515
277 541
279 280
279 281
280 281
281 323
281 326
281 341
281 379
281 394
281 411
281 501
281 521
281 539
281 589
281 634
281 640
281 665
281 667
281 709
281 748
281 775
281 792
282 330
282 403
282 423
282 485
282 668
282 682
283 467
283 472
283 571
284 285
284 304
284 332
284 356
284 407
284 523
285 321
286 287
287 331
287 688
290 291
290 345
290 494
290 621
290 650
292 318
292 333
292 351
292 385
292 506
292 521
294 295
296 358
296 364
296 375
296 500
296 513
296 519
296 618
296 715
296 730
296 731
297 309
297 322
297 345
297 499
298 299
298 300
298 318
298 338
298 460
298 483
298 753
299 300
299 310
299 327
299 330
299 408
299 424
299 455
299 485
299 512
299 514
299 543
299 615
299 778
300 332
300 338
300 528
300 567
300 778
301 302
301 382
301 521
301 662
304 337
304 451
304 703
304 791
305 341
307 308
308 455
308 586
309 458
309 499
309 513
309 603
310 311
310 489
310 514
310 784
311 610
311 619
311 741
311 742
312 313
312 636
313 745
314 315
316 317
318 319
318 320
318 483
319 320
320 513
320 697
323 483
324 325
324 326
325 326
326 709
326 775
327 337
330 332
330 337
330 357
330 358
330 403
330 431
330 432
330 479
330 516
330 561
330 587
330 644
330 747
331 655
331 688
331 760
332 333
332 338
332 411
332 523
332 561
332 567
332 572
332 628
332 648
333 351
333 358
333 506
337 516
338 364
338 460
338 567
339 340
341 411
342 343
343 468
343 469
343 584
343 684
343 786
344 345
344 440
344 717
344 762
344 763
344 789
345 350
345 434
345 435
345 650
346 347
347 459
348 349
349 547
349 689
349 690
351 506
352 442
352 579
354 787
355 758
357 358
358 363
358 411
358 513
358 730
358 731
360 361
360 362
361 362
364 456
364 457
364 470
364 645
364 738
364 740
368 369
370 371
373 399
374 657
376 557
376 613
376 706
376 772
377 381
377 583
377 647
378 379
378 404
378 405
379 589
380 381
380 382
380 383
381 382
381 383
381 444
382 383
383 481
384 385
385 390
388 481
388 733
388 798
389 390
390 405
390 512
390 650
391 659
391 660
392 401
392 572
392 573
395 396
396 672
397 417
397 534
400 519
401 402
403 492
403 507
403 523
403 546
404 405
404 481
405 512
405 650
407 523
408 409
408 424
408 482
408 799
408 800
411 511
411 648
412 413
413 480
413 723
414 415
414 416
415 416
417 425
417 521
417 729
417 765
419 420
419 596
419 620
421 450
422 616
425 521
428 604
428 605
431 432
431 456
434 435
437 576
437 618
437 790
442 443
442 579
442 585
442 637
442 658
443 761
446 447
446 595
447 514
447 527
448 476
454 623
456 457
458 476
458 477
458 513
465 466
467 472
467 571
468 469
471 646
472 473
472 539
472 571
472 588
472 662
472 673
475 578
475 579
476 477
477 796
478 479
478 589
480 481
480 623
480 692
481 798
483 561
484 485
485 512
485 651
485 748
492 546
500 519
500 562
500 715
506 507
506 536
506 578
512 650
513 652
513 653
513 730
513 731
514 518
514 527
514 654
514 727
514 728
515 533
515 541
516 574
519 715
521 540
521 662
521 792
521 795
525 526
525 664
526 561
526 696
527 582
537 538
539 634
540 541
540 542
541 542
548 549
552 553
554 555
557 558
557 608
557 613
571 681
572 573
574 575
576 790
578 579
579 719
580 641
586 757
588 673
596 620
603 679
604 605
611 612
612 688
629 630
630 693
638 639
652 653
655 671
659 660
667 774
668 669
668 682
677 678
677 679
678 679
680 801
680 802
682 700
682 701
686 687
687 710
689 690
694 695
697 724
697 725
698 699
700 701
704 705
709 775
712 713
717 763
720 721
724 725
727 728
730 731
733 734
741 742
749 750
754 755
776 777
780 781
799 800
801 802
