0 1
0 2
0 3
0 6
0 9
0 10
0 11
0 13
0 15
0 16
0 19
0 21
0 25
0 26
0 28
0 29
0 31
0 33
0 34
0 40
0 43
0 44
0 45
0 48
0 49
0 50
0 54
0 56
0 58
0 60
0 61
0 62
0 64
0 66
0 67
0 68
0 69
0 70
0 71
0 72
0 73
0 74
0 75
0 76
0 77
0 79
0 80
0 81
0 82
0 88
0 90
0 92
0 93
0 94
0 99
0 100
0 101
0 102
0 103
0 106
0 108
0 113
0 115
0 116
0 121
0 122
0 124
0 125
0 126
0 127
0 129
0 130
0 134
0 135
0 136
0 140
0 143
0 144
0 148
0 151
0 152
0 159
0 160
0 191
0 197
0 198
0 215
0 216
0 217
0 218
0 223
0 238
0 247
0 248
0 263
0 267
0 273
0 277
0 278
0 279
0 302
0 326
0 330
0 374
0 412
0 413
0 427
0 479
0 597
0 598
0 650
0 690
0 695
0 750
0 759
1 2
1 9
1 10
1 11
1 25
1 28
1 32
1 33
1 43
1 46
1 49
1 50
1 61
1 62
1 66
1 67
1 76
1 79
1 80
1 83
1 87
1 90
1 92
1 93
1 97
1 102
1 104
1 105
1 108
1 124
1 127
1 129
1 142
1 144
1 151
1 152
1 155
1 159
1 160
1 165
1 184
1 185
1 186
1 187
1 191
1 198
1 214
1 216
1 248
1 300
1 320
1 329
1 358
1 443
1 490
1 566
1 740
2 3
2 8
2 9
2 10
2 11
2 15
2 16
2 19
2 21
2 25
2 26
2 28
2 31
2 32
2 33
2 39
2 40
2 43
2 44
2 46
2 49
2 53
2 54
2 63
2 64
2 66
2 67
2 68
2 69
2 73
2 77
2 78
2 80
2 83
2 86
2 87
2 90
2 92
2 93
2 96
2 101
2 102
2 108
2 109
2 114
2 116
2 118
2 124
2 125
2 126
2 127
2 132
2 133
2 134
2 135
2 143
2 144
2 147
2 151
2 160
2 161
2 165
2 172
2 185
2 189
2 191
2 216
2 223
2 235
2 237
2 255
2 278
2 302
2 313
2 332
2 359
2 408
2 473
2 490
2 491
2 500
2 501
2 502
2 503
2 514
2 515
2 528
2 538
2 571
2 606
2 607
2 653
2 654
3 4
3 6
3 9
3 10
3 11
3 13
3 19
3 21
3 25
3 26
3 28
3 31
3 32
3 40
3 44
3 49
3 50
3 60
3 61
3 66
3 67
3 69
3 71
3 72
3 73
3 74
3 77
3 79
3 80
3 83
3 84
3 90
3 92
3 97
3 103
3 104
3 105
3 108
3 109
3 114
3 118
3 120
3 121
3 122
3 123
3 126
3 127
3 130
3 131
3 132
3 133
3 134
3 135
3 136
3 140
3 142
3 144
3 151
3 152
3 163
3 165
3 185
3 218
3 220
3 235
3 237
3 248
3 249
3 256
3 259
3 261
3 262
3 285
3 294
3 302
3 314
3 332
3 366
3 370
3 378
3 389
3 390
3 463
3 490
3 491
3 561
3 576
3 666
3 681
4 7
4 11
4 15
4 26
4 32
4 41
4 60
4 62
4 64
4 66
4 67
4 68
4 73
4 76
4 79
4 92
4 96
4 99
4 101
4 103
4 104
4 134
4 142
4 144
4 151
4 161
4 197
4 216
4 272
4 273
4 288
4 321
4 381
4 462
4 506
4 507
4 545
5 6
5 7
5 8
5 9
5 10
5 11
5 15
5 26
5 43
5 46
5 62
5 67
5 100
5 104
5 105
5 141
5 142
5 143
5 263
5 321
5 468
5 711
6 7
6 8
6 9
6 11
6 16
6 17
6 18
6 19
6 20
6 25
6 26
6 28
6 31
6 32
6 36
6 40
6 43
6 44
6 45
6 46
6 49
6 60
6 61
6 62
6 64
6 66
6 67
6 69
6 71
6 76
6 78
6 79
6 83
6 88
6 93
6 96
6 97
6 100
6 102
6 103
6 104
6 108
6 116
6 124
6 135
6 144
6 155
6 159
6 160
6 171
6 172
6 173
6 174
6 175
6 183
6 185
6 199
6 209
6 210
6 212
6 235
6 247
6 261
6 262
6 263
6 285
6 288
6 318
6 321
6 337
6 369
6 378
6 413
6 479
6 480
6 513
6 521
6 526
6 555
6 728
6 731
6 750
7 8
7 9
7 10
7 25
7 49
7 62
7 67
7 73
7 101
7 126
7 145
7 177
7 197
7 305
8 9
8 10
8 11
8 13
8 15
8 16
8 19
8 21
8 23
8 25
8 28
8 31
8 32
8 34
8 40
8 43
8 48
8 49
8 50
8 51
8 56
8 60
8 61
8 62
8 64
8 66
8 67
8 69
8 72
8 73
8 75
8 76
8 77
8 80
8 81
8 83
8 87
8 90
8 92
8 93
8 96
8 100
8 101
8 102
8 108
8 111
8 114
8 116
8 121
8 123
8 124
8 125
8 127
8 134
8 135
8 142
8 144
8 148
8 150
8 152
8 160
8 161
8 165
8 171
8 177
8 178
8 179
8 181
8 183
8 185
8 216
8 238
8 246
8 247
8 255
8 262
8 269
8 274
8 275
8 276
8 278
8 292
8 318
8 321
8 332
8 337
8 389
8 448
8 460
8 461
8 485
8 488
8 497
8 563
8 604
8 645
8 662
8 673
8 674
8 710
8 755
9 10
9 11
9 12
9 13
9 19
9 20
9 21
9 23
9 25
9 26
9 28
9 31
9 32
9 33
9 36
9 40
9 43
9 44
9 45
9 48
9 49
9 53
9 56
9 60
9 61
9 62
9 63
9 64
9 65
9 66
9 67
9 68
9 69
9 72
9 73
9 75
9 76
9 78
9 79
9 80
9 81
9 83
9 87
9 88
9 90
9 91
9 92
9 93
9 94
9 95
9 96
9 97
9 99
9 100
9 101
9 103
9 104
9 105
9 106
9 109
9 112
9 113
9 116
9 121
9 122
9 123
9 126
9 127
9 129
9 134
9 135
9 136
9 142
9 144
9 148
9 150
9 151
9 152
9 155
9 156
9 160
9 162
9 165
9 170
9 175
9 181
9 183
9 185
9 191
9 197
9 198
9 214
9 218
9 220
9 223
9 235
9 237
9 238
9 239
9 241
9 243
9 261
9 262
9 267
9 278
9 289
9 291
9 292
9 299
9 315
9 334
9 355
9 375
9 376
9 377
9 401
9 407
9 430
9 441
9 442
9 448
9 465
9 466
9 472
9 476
9 481
9 487
9 488
9 490
9 508
9 509
9 549
9 570
9 597
9 598
9 604
9 605
9 612
9 615
9 652
9 665
9 697
9 701
9 709
9 754
10 11
10 15
10 19
10 25
10 26
10 28
10 31
10 32
10 33
10 36
10 38
10 40
10 43
10 45
10 46
10 49
10 50
10 51
10 60
10 61
10 62
10 64
10 66
10 67
10 68
10 69
10 70
10 71
10 73
10 76
10 77
10 78
10 79
10 80
10 92
10 93
10 96
10 99
10 100
10 101
10 102
10 103
10 104
10 105
10 106
10 107
10 108
10 109
10 112
10 116
10 122
10 123
10 124
10 127
10 129
10 130
10 134
10 135
10 140
10 142
10 143
10 152
10 155
10 158
10 160
10 161
10 165
10 171
10 185
10 189
10 197
10 198
10 200
10 201
10 228
10 235
10 237
10 238
10 240
10 248
10 254
10 255
10 261
10 262
10 267
10 273
10 274
10 275
10 278
10 280
10 281
10 283
10 295
10 302
10 303
10 304
10 305
10 307
10 308
10 321
10 340
10 345
10 351
10 380
10 384
10 425
10 427
10 437
10 477
10 478
10 481
10 498
10 515
10 532
10 536
10 549
10 550
10 553
10 594
10 600
10 611
10 612
10 631
10 637
10 645
10 710
10 711
10 712
11 13
11 15
11 16
11 17
11 18
11 19
11 20
11 21
11 25
11 26
11 27
11 28
11 31
11 33
11 36
11 40
11 44
11 45
11 46
11 48
11 49
11 50
11 51
11 60
11 62
11 63
11 64
11 65
11 66
11 67
11 69
11 73
11 74
11 76
11 77
11 79
11 80
11 81
11 83
11 87
11 90
11 93
11 96
11 97
11 99
11 100
11 101
11 102
11 103
11 104
11 105
11 113
11 115
11 122
11 123
11 124
11 127
11 134
11 135
11 141
11 143
11 144
11 148
11 151
11 160
11 161
11 165
11 185
11 186
11 191
11 198
11 201
11 214
11 215
11 216
11 217
11 218
11 220
11 235
11 240
11 248
11 253
11 267
11 273
11 289
11 292
11 299
11 302
11 318
11 321
11 333
11 336
11 337
11 345
11 347
11 348
11 355
11 358
11 370
11 371
11 389
11 403
11 427
11 436
11 437
11 452
11 457
11 464
11 539
11 543
11 552
11 553
11 559
11 560
11 590
11 602
11 604
11 625
11 647
11 677
11 712
11 714
11 718
11 719
11 725
11 736
11 744
12 13
12 60
12 69
12 71
12 73
12 183
12 220
12 294
12 683
13 19
13 20
13 21
13 26
13 28
13 29
13 31
13 36
13 43
13 44
13 45
13 46
13 48
13 49
13 50
13 51
13 54
13 55
13 61
13 62
13 63
13 65
13 66
13 67
13 68
13 69
13 73
13 74
13 75
13 76
13 77
13 79
13 80
13 81
13 82
13 90
13 91
13 94
13 99
13 101
13 104
13 108
13 115
13 116
13 121
13 122
13 123
13 124
13 126
13 127
13 134
13 140
13 143
13 148
13 151
13 152
13 156
13 165
13 170
13 171
13 183
13 185
13 197
13 198
13 214
13 220
13 228
13 229
13 241
13 243
13 248
13 254
13 270
13 273
13 278
13 281
13 292
13 302
13 361
13 373
13 380
13 389
13 417
13 445
13 504
13 513
13 521
13 522
13 540
13 550
13 591
13 605
13 633
13 634
13 636
13 664
13 682
13 695
14 15
15 16
15 19
15 25
15 31
15 38
15 39
15 40
15 43
15 44
15 45
15 46
15 48
15 49
15 54
15 56
15 58
15 60
15 61
15 62
15 66
15 67
15 68
15 71
15 73
15 75
15 76
15 79
15 80
15 90
15 92
15 96
15 100
15 101
15 102
15 103
15 104
15 105
15 107
15 108
15 111
15 112
15 113
15 114
15 116
15 121
15 122
15 124
15 125
15 127
15 134
15 140
15 142
15 143
15 146
15 148
15 151
15 152
15 160
15 183
15 184
15 185
15 186
15 197
15 198
15 199
15 210
15 237
15 238
15 243
15 246
15 255
15 262
15 265
15 270
15 278
15 289
15 293
15 302
15 315
15 319
15 320
15 321
15 343
15 389
15 426
15 436
15 490
15 554
15 611
15 685
15 686
15 711
15 732
15 745
15 759
16 17
16 18
16 19
16 20
16 25
16 26
16 29
16 32
16 50
16 62
16 63
16 67
16 69
16 71
16 96
16 99
16 101
16 104
16 109
16 115
16 123
16 127
16 143
16 148
16 151
16 160
16 184
16 191
16 219
16 220
16 233
16 238
16 247
16 284
16 292
16 321
16 330
16 332
16 337
16 412
16 413
16 487
16 489
16 662
16 730
17 18
17 19
17 20
18 19
18 20
19 20
19 21
19 23
19 25
19 28
19 29
19 31
19 32
19 33
19 42
19 43
19 44
19 45
19 48
19 49
19 50
19 51
19 52
19 61
19 62
19 63
19 64
19 65
19 66
19 67
19 69
19 71
19 72
19 73
19 76
19 77
19 79
19 80
19 87
19 90
19 96
19 97
19 100
19 102
19 103
19 104
19 105
19 106
19 108
19 109
19 113
19 115
19 116
19 121
19 122
19 123
19 126
19 127
19 129
19 134
19 135
19 136
19 140
19 142
19 143
19 144
19 147
19 156
19 171
19 173
19 183
19 184
19 185
19 188
19 189
19 191
19 217
19 223
19 233
19 235
19 246
19 247
19 248
19 253
19 261
19 263
19 278
19 281
19 286
19 289
19 302
19 314
19 318
19 332
19 378
19 382
19 389
19 391
19 392
19 424
19 441
19 442
19 460
19 461
19 470
19 471
19 496
19 523
19 591
19 611
19 615
19 623
19 625
19 663
19 671
19 712
19 723
20 44
20 49
20 197
21 22
21 23
21 25
21 26
21 28
21 29
21 32
21 36
21 40
21 43
21 44
21 45
21 46
21 48
21 49
21 50
21 52
21 60
21 62
21 64
21 66
21 67
21 69
21 71
21 72
21 73
21 74
21 75
21 76
21 77
21 78
21 79
21 80
21 83
21 88
21 92
21 94
21 100
21 101
21 102
21 104
21 105
21 108
21 109
21 113
21 114
21 115
21 116
21 121
21 122
21 123
21 124
21 125
21 127
21 129
21 130
21 135
21 142
21 144
21 151
21 156
21 157
21 160
21 161
21 184
21 185
21 191
21 198
21 209
21 214
21 221
21 228
21 230
21 234
21 237
21 238
21 243
21 244
21 248
21 267
21 278
21 289
21 292
21 297
21 301
21 302
21 317
21 321
21 337
21 343
21 357
21 373
21 393
21 394
21 408
21 434
21 437
21 466
21 479
21 512
21 528
21 532
21 543
21 548
21 553
21 571
21 602
21 650
21 664
21 710
23 24
23 28
23 31
23 34
23 36
23 45
23 48
23 49
23 53
23 60
23 64
23 67
23 72
23 78
23 90
23 100
23 106
23 116
23 134
23 144
23 161
23 171
23 214
23 289
23 302
23 389
23 709
23 735
25 26
25 27
25 28
25 29
25 31
25 33
25 34
25 40
25 43
25 44
25 45
25 48
25 49
25 50
25 51
25 52
25 56
25 61
25 62
25 63
25 66
25 67
25 69
25 72
25 76
25 77
25 78
25 79
25 80
25 82
25 83
25 87
25 88
25 90
25 92
25 93
25 99
25 100
25 102
25 103
25 104
25 105
25 108
25 113
25 124
25 125
25 126
25 127
25 140
25 145
25 148
25 151
25 152
25 156
25 160
25 165
25 173
25 177
25 181
25 183
25 185
25 186
25 191
25 194
25 195
25 198
25 199
25 210
25 220
25 223
25 229
25 233
25 235
25 236
25 237
25 238
25 243
25 248
25 255
25 262
25 281
25 287
25 289
25 292
25 293
25 300
25 302
25 306
25 326
25 337
25 340
25 354
25 389
25 393
25 394
25 396
25 425
25 436
25 497
25 508
25 522
25 566
25 580
25 587
25 597
25 598
25 656
25 666
25 679
25 716
26 28
26 29
26 31
26 34
26 36
26 40
26 41
26 43
26 44
26 45
26 46
26 49
26 50
26 51
26 53
26 56
26 60
26 61
26 62
26 63
26 66
26 67
26 68
26 69
26 73
26 75
26 77
26 78
26 79
26 81
26 82
26 83
26 88
26 90
26 92
26 93
26 99
26 100
26 102
26 103
26 104
26 106
26 108
26 109
26 110
26 113
26 116
26 121
26 123
26 124
26 127
26 134
26 136
26 140
26 141
26 142
26 143
26 147
26 148
26 151
26 152
26 156
26 160
26 171
26 172
26 173
26 174
26 175
26 184
26 185
26 191
26 198
26 214
26 216
26 219
26 220
26 229
26 230
26 237
26 238
26 242
26 247
26 248
26 273
26 278
26 292
26 294
26 302
26 315
26 318
26 323
26 337
26 370
26 372
26 373
26 374
26 404
26 420
26 421
26 434
26 439
26 453
26 456
26 479
26 483
26 515
26 533
26 534
26 535
26 553
26 557
26 585
26 610
26 636
26 645
26 655
26 681
26 690
26 695
26 730
28 29
28 30
28 31
28 32
28 33
28 38
28 40
28 43
28 44
28 45
28 46
28 48
28 49
28 50
28 58
28 60
28 61
28 62
28 63
28 64
28 66
28 67
28 69
28 72
28 73
28 74
28 75
28 76
28 77
28 78
28 79
28 80
28 81
28 83
28 88
28 90
28 91
28 92
28 93
28 96
28 97
28 99
28 100
28 101
28 102
28 103
28 104
28 106
28 107
28 108
28 109
28 113
28 114
28 116
28 121
28 122
28 123
28 124
28 125
28 126
28 127
28 128
28 129
28 134
28 135
28 140
28 143
28 145
28 151
28 155
28 156
28 160
28 161
28 162
28 164
28 180
28 184
28 185
28 188
28 191
28 198
28 214
28 215
28 216
28 217
28 218
28 233
28 235
28 238
28 248
28 249
28 251
28 259
28 273
28 274
28 275
28 278
28 279
28 281
28 286
28 292
28 294
28 299
28 323
28 325
28 331
28 332
28 335
28 345
28 352
28 354
28 361
28 370
28 382
28 389
28 410
28 433
28 458
28 463
28 464
28 483
28 490
28 513
28 526
28 540
28 541
28 542
28 546
28 547
28 557
28 564
28 600
28 691
28 714
28 733
28 740
28 749
28 753
29 30
29 31
29 32
29 33
29 43
29 45
29 48
29 49
29 50
29 60
29 63
29 67
29 69
29 71
29 72
29 73
29 76
29 77
29 79
29 80
29 90
29 91
29 92
29 93
29 102
29 115
29 122
29 127
29 135
29 148
29 156
29 171
29 185
29 198
29 214
29 223
29 233
29 235
29 236
29 237
29 248
29 259
29 273
29 373
29 431
29 489
29 553
29 580
29 636
29 679
30 31
30 32
30 33
30 49
30 72
30 123
31 32
31 33
31 38
31 39
31 40
31 42
31 43
31 44
31 45
31 46
31 47
31 48
31 49
31 50
31 53
31 56
31 58
31 60
31 61
31 62
31 63
31 64
31 65
31 66
31 67
31 68
31 69
31 71
31 73
31 76
31 77
31 78
31 79
31 80
31 87
31 90
31 92
31 93
31 96
31 99
31 101
31 102
31 103
31 104
31 105
31 108
31 109
31 112
31 113
31 115
31 116
31 121
31 122
31 123
31 126
31 127
31 134
31 135
31 140
31 144
31 151
31 152
31 155
31 160
31 171
31 182
31 183
31 185
31 191
31 197
31 198
31 199
31 207
31 208
31 209
31 210
31 213
31 214
31 221
31 237
31 238
31 246
31 248
31 255
31 270
31 273
31 278
31 279
31 281
31 286
31 289
31 292
31 294
31 295
31 302
31 325
31 326
31 331
31 332
31 337
31 352
31 387
31 425
31 427
31 433
31 449
31 488
31 489
31 513
31 526
31 533
31 534
31 535
31 540
31 543
31 549
31 563
31 573
31 575
31 589
31 590
31 611
31 642
31 646
31 647
31 650
31 657
31 663
31 709
31 712
31 743
32 33
32 34
32 39
32 40
32 43
32 45
32 49
32 50
32 53
32 60
32 61
32 62
32 66
32 67
32 68
32 69
32 71
32 73
32 74
32 77
32 79
32 80
32 92
32 93
32 96
32 97
32 99
32 100
32 101
32 103
32 104
32 105
32 109
32 112
32 113
32 116
32 120
32 124
32 126
32 129
32 135
32 142
32 143
32 145
32 151
32 152
32 160
32 161
32 162
32 183
32 184
32 185
32 186
32 187
32 197
32 198
32 232
32 233
32 246
32 252
32 259
32 262
32 263
32 264
32 272
32 278
32 292
32 305
32 307
32 321
32 332
32 335
32 378
32 426
32 434
32 463
32 479
32 480
32 484
32 545
32 576
32 662
32 697
32 703
32 727
32 734
32 737
33 40
33 43
33 60
33 64
33 78
33 79
33 80
33 86
33 90
33 93
33 96
33 99
33 103
33 105
33 126
33 134
33 138
33 151
33 162
33 181
33 198
33 214
33 223
33 246
33 250
33 262
33 302
33 303
33 304
33 453
33 484
33 487
33 488
33 670
33 736
33 740
34 35
34 36
34 37
34 40
34 42
34 62
34 64
34 66
34 68
34 72
34 92
34 93
34 103
34 113
34 116
34 123
34 127
34 136
34 145
34 151
34 158
34 171
34 232
34 233
34 248
34 272
34 298
34 299
34 453
34 479
34 656
34 690
35 36
35 37
36 37
36 39
36 48
36 49
36 50
36 56
36 60
36 61
36 62
36 64
36 66
36 68
36 71
36 73
36 76
36 77
36 79
36 83
36 90
36 92
36 96
36 101
36 103
36 104
36 106
36 107
36 108
36 114
36 115
36 116
36 134
36 144
36 146
36 151
36 160
36 161
36 183
36 185
36 197
36 198
36 199
36 207
36 209
36 216
36 235
36 247
36 261
36 268
36 270
36 271
36 272
36 273
36 321
36 404
36 418
36 459
36 504
36 515
36 521
36 522
36 531
36 532
36 536
36 577
36 659
36 660
38 39
38 40
38 49
38 64
38 79
38 83
38 103
38 107
38 123
38 160
38 189
38 198
38 220
38 254
38 262
38 425
38 477
38 478
38 479
38 629
38 753
39 40
39 49
39 53
39 66
39 68
39 69
39 73
39 77
39 79
39 90
39 104
39 108
39 123
39 143
39 152
39 161
39 523
39 524
39 577
40 43
40 44
40 45
40 46
40 49
40 50
40 54
40 60
40 61
40 62
40 63
40 64
40 66
40 67
40 68
40 69
40 71
40 73
40 76
40 77
40 78
40 79
40 83
40 87
40 91
40 92
40 97
40 99
40 100
40 102
40 106
40 108
40 109
40 113
40 114
40 115
40 116
40 117
40 118
40 121
40 122
40 123
40 125
40 126
40 127
40 128
40 134
40 135
40 140
40 142
40 143
40 151
40 155
40 157
40 160
40 164
40 165
40 166
40 171
40 172
40 173
40 174
40 175
40 183
40 191
40 199
40 207
40 235
40 238
40 248
40 249
40 262
40 270
40 273
40 280
40 286
40 288
40 289
40 294
40 302
40 315
40 320
40 325
40 331
40 332
40 345
40 391
40 393
40 394
40 420
40 421
40 473
40 479
40 480
40 490
40 492
40 529
40 541
40 573
40 604
40 668
41 42
41 43
41 67
41 79
41 92
41 100
41 288
41 381
41 506
41 507
41 610
42 43
42 44
42 76
42 108
42 115
42 198
42 235
42 427
42 641
42 756
43 44
43 45
43 46
43 48
43 49
43 50
43 51
43 53
43 54
43 56
43 58
43 60
43 61
43 62
43 63
43 65
43 66
43 67
43 68
43 69
43 72
43 73
43 75
43 76
43 77
43 79
43 80
43 83
43 88
43 91
43 92
43 93
43 96
43 97
43 99
43 100
43 101
43 102
43 103
43 105
43 106
43 108
43 109
43 113
43 114
43 115
43 116
43 117
43 121
43 122
43 123
43 124
43 127
43 129
43 130
43 134
43 135
43 140
43 148
43 151
43 156
43 160
43 161
43 165
43 170
43 183
43 185
43 186
43 192
43 204
43 210
43 214
43 220
43 236
43 237
43 238
43 247
43 248
43 260
43 263
43 265
43 274
43 275
43 289
43 297
43 315
43 318
43 321
43 327
43 328
43 372
43 373
43 374
43 377
43 389
43 428
43 429
43 443
43 445
43 453
43 458
43 490
43 550
43 553
43 562
43 584
43 597
43 598
43 619
43 626
43 646
43 658
43 711
44 45
44 49
44 50
44 53
44 54
44 58
44 60
44 61
44 62
44 64
44 66
44 67
44 69
44 72
44 73
44 74
44 76
44 77
44 78
44 79
44 83
44 88
44 90
44 99
44 100
44 101
44 102
44 103
44 104
44 109
44 115
44 116
44 127
44 151
44 155
44 189
44 197
44 199
44 210
44 220
44 229
44 237
44 243
44 247
44 248
44 253
44 255
44 261
44 262
44 265
44 277
44 289
44 318
44 332
44 346
44 388
44 437
44 554
44 635
44 666
44 682
44 687
44 688
44 689
45 46
45 47
45 48
45 49
45 50
45 52
45 53
45 54
45 56
45 60
45 61
45 62
45 63
45 65
45 66
45 67
45 68
45 69
45 73
45 76
45 77
45 79
45 80
45 83
45 90
45 91
45 93
45 99
45 100
45 101
45 102
45 104
45 105
45 108
45 112
45 113
45 115
45 116
45 118
45 122
45 125
45 126
45 129
45 130
45 134
45 135
45 136
45 140
45 144
45 149
45 151
45 155
45 156
45 157
45 160
45 162
45 165
45 168
45 170
45 180
45 185
45 192
45 197
45 210
45 229
45 230
45 233
45 234
45 236
45 237
45 246
45 257
45 260
45 264
45 293
45 294
45 302
45 332
45 335
45 337
45 357
45 361
45 364
45 365
45 374
45 378
45 414
45 425
45 437
45 444
45 445
45 481
45 496
45 499
45 504
45 513
45 521
45 525
45 543
45 550
45 551
45 556
45 565
45 568
45 575
45 578
45 583
45 590
45 616
45 630
45 631
45 632
45 647
45 671
45 685
45 686
45 734
45 745
46 47
46 48
46 49
46 53
46 60
46 61
46 62
46 66
46 67
46 68
46 69
46 73
46 75
46 76
46 77
46 79
46 80
46 83
46 87
46 88
46 90
46 92
46 93
46 99
46 100
46 101
46 103
46 104
46 105
46 106
46 108
46 109
46 113
46 115
46 116
46 121
46 124
46 127
46 142
46 151
46 152
46 156
46 159
46 160
46 161
46 165
46 183
46 189
46 191
46 200
46 210
46 221
46 235
46 237
46 243
46 262
46 267
46 273
46 281
46 294
46 302
46 332
46 337
46 361
46 378
46 410
46 420
46 421
46 434
46 455
46 481
46 493
46 504
46 513
46 560
46 581
46 594
46 611
46 630
46 631
46 632
46 650
46 657
47 48
47 49
48 49
48 50
48 54
48 56
48 60
48 63
48 66
48 67
48 69
48 80
48 83
48 101
48 102
48 103
48 106
48 109
48 113
48 114
48 116
48 120
48 121
48 123
48 124
48 127
48 136
48 137
48 138
48 143
48 151
48 183
48 185
48 186
48 198
48 237
48 364
48 365
48 373
48 436
48 441
48 442
48 580
48 582
48 591
48 712
49 50
49 53
49 54
49 55
49 56
49 58
49 60
49 61
49 62
49 63
49 65
49 66
49 67
49 68
49 69
49 70
49 71
49 72
49 73
49 74
49 76
49 77
49 79
49 80
49 81
49 83
49 87
49 88
49 90
49 91
49 92
49 93
49 96
49 97
49 99
49 100
49 101
49 102
49 103
49 104
49 105
49 106
49 107
49 108
49 109
49 113
49 114
49 115
49 116
49 121
49 122
49 123
49 124
49 125
49 126
49 127
49 134
49 135
49 140
49 142
49 143
49 147
49 148
49 151
49 152
49 154
49 155
49 156
49 159
49 160
49 161
49 165
49 173
49 180
49 183
49 184
49 185
49 186
49 187
49 191
49 194
49 195
49 197
49 198
49 200
49 201
49 202
49 209
49 216
49 220
49 221
49 223
49 228
49 230
49 236
49 237
49 238
49 246
49 248
49 251
49 253
49 254
49 259
49 260
49 267
49 276
49 278
49 281
49 283
49 286
49 289
49 292
49 294
49 295
49 296
49 302
49 305
49 306
49 320
49 321
49 330
49 332
49 335
49 336
49 340
49 349
49 354
49 356
49 360
49 362
49 370
49 371
49 373
49 378
49 382
49 389
49 410
49 420
49 421
49 427
49 449
49 453
49 458
49 459
49 488
49 550
49 553
49 554
49 572
49 574
49 575
49 580
49 589
49 590
49 602
49 628
49 633
49 634
49 645
49 655
49 679
49 720
49 728
49 743
49 745
50 51
50 52
50 53
50 56
50 58
50 60
50 61
50 62
50 63
50 64
50 66
50 67
50 68
50 69
50 71
50 72
50 73
50 74
50 76
50 77
50 79
50 80
50 83
50 87
50 90
50 91
50 92
50 93
50 100
50 101
50 102
50 105
50 107
50 108
50 113
50 116
50 117
50 118
50 122
50 123
50 125
50 126
50 127
50 129
50 134
50 142
50 144
50 145
50 148
50 150
50 151
50 152
50 156
50 159
50 160
50 161
50 170
50 171
50 177
50 178
50 183
50 185
50 198
50 200
50 209
50 227
50 230
50 234
50 237
50 240
50 248
50 255
50 262
50 270
50 277
50 278
50 281
50 286
50 289
50 292
50 293
50 294
50 314
50 321
50 332
50 347
50 348
50 350
50 352
50 354
50 361
50 366
50 379
50 389
50 425
50 427
50 445
50 476
50 512
50 532
50 536
50 537
50 550
50 580
50 582
50 583
50 620
50 631
50 662
50 712
50 725
51 52
51 56
51 58
51 69
51 81
51 88
51 92
51 99
51 116
51 124
51 125
51 130
51 134
51 143
51 144
51 151
51 318
51 326
51 332
51 408
51 409
51 410
51 411
51 599
51 608
51 609
51 626
51 631
52 67
52 72
52 77
52 144
52 151
52 237
53 56
53 61
53 66
53 68
53 69
53 73
53 75
53 77
53 78
53 84
53 90
53 91
53 93
53 99
53 101
53 102
53 103
53 104
53 106
53 113
53 116
53 121
53 123
53 127
53 130
53 143
53 144
53 152
53 160
53 161
53 170
53 186
53 214
53 229
53 267
53 307
53 354
53 356
53 410
53 426
53 516
53 517
53 640
53 709
54 55
54 56
54 61
54 64
54 67
54 69
54 77
54 79
54 80
54 86
54 87
54 90
54 93
54 96
54 97
54 98
54 100
54 101
54 102
54 103
54 106
54 118
54 123
54 136
54 137
54 138
54 143
54 144
54 151
54 152
54 189
54 248
54 271
54 289
54 300
54 315
54 318
54 360
54 368
54 492
54 500
54 501
54 502
54 503
54 518
54 553
55 60
55 69
55 91
55 92
55 106
55 116
55 124
55 153
55 165
55 189
55 190
55 248
55 262
55 294
55 680
56 60
56 61
56 64
56 66
56 67
56 72
56 75
56 76
56 77
56 79
56 83
56 88
56 92
56 96
56 104
56 107
56 108
56 116
56 125
56 127
56 129
56 144
56 148
56 160
56 173
56 184
56 185
56 198
56 209
56 230
56 243
56 262
56 268
56 271
56 278
56 294
56 299
56 312
56 315
56 326
56 332
56 358
56 359
56 370
56 375
56 376
56 377
56 396
56 406
56 428
56 429
56 492
56 525
56 582
56 597
56 598
56 601
56 608
56 609
56 745
57 58
57 59
57 60
58 59
58 60
58 64
58 66
58 67
58 68
58 69
58 74
58 77
58 79
58 80
58 92
58 99
58 100
58 101
58 104
58 107
58 116
58 121
58 124
58 127
58 134
58 142
58 143
58 144
58 145
58 146
58 151
58 165
58 186
58 192
58 199
58 209
58 230
58 237
58 267
58 273
58 279
58 335
58 385
58 421
58 458
58 619
58 692
58 713
58 714
59 60
60 61
60 63
60 66
60 67
60 68
60 69
60 71
60 72
60 73
60 74
60 75
60 76
60 79
60 80
60 81
60 87
60 88
60 90
60 92
60 93
60 99
60 100
60 102
60 106
60 108
60 116
60 121
60 122
60 123
60 124
60 127
60 131
60 134
60 142
60 148
60 151
60 153
60 156
60 160
60 161
60 171
60 185
60 189
60 190
60 197
60 209
60 210
60 220
60 236
60 237
60 246
60 251
60 263
60 273
60 279
60 281
60 289
60 294
60 297
60 299
60 306
60 315
60 320
60 327
60 335
60 352
60 370
60 373
60 378
60 426
60 449
60 492
60 561
60 575
60 589
60 590
60 683
60 702
60 718
60 719
60 745
61 62
61 63
61 64
61 65
61 66
61 67
61 68
61 69
61 72
61 73
61 74
61 75
61 76
61 77
61 78
61 79
61 80
61 83
61 87
61 90
61 91
61 92
61 93
61 94
61 96
61 97
61 99
61 100
61 101
61 102
61 103
61 104
61 105
61 106
61 107
61 108
61 109
61 111
61 112
61 113
61 114
61 115
61 116
61 121
61 122
61 123
61 124
61 125
61 126
61 127
61 129
61 134
61 140
61 142
61 143
61 144
61 146
61 148
61 151
61 152
61 156
61 160
61 165
61 170
61 180
61 183
61 184
61 185
61 186
61 187
61 197
61 198
61 200
61 201
61 202
61 207
61 208
61 209
61 210
61 214
61 216
61 220
61 226
61 230
61 235
61 237
61 238
61 241
61 243
61 246
61 248
61 255
61 259
61 261
61 262
61 268
61 270
61 278
61 283
61 285
61 286
61 289
61 294
61 302
61 304
61 315
61 321
61 327
61 332
61 335
61 337
61 351
61 378
61 384
61 390
61 391
61 410
61 417
61 425
61 427
61 456
61 463
61 481
61 490
61 531
61 532
61 540
61 541
61 543
61 549
61 554
61 564
61 576
61 578
61 584
61 589
61 590
61 595
61 596
61 614
61 665
61 666
61 669
61 701
61 702
61 711
61 725
62 63
62 64
62 65
62 66
62 67
62 68
62 73
62 74
62 76
62 77
62 79
62 80
62 82
62 83
62 90
62 91
62 92
62 93
62 96
62 100
62 101
62 102
62 103
62 104
62 105
62 106
62 108
62 116
62 118
62 119
62 120
62 121
62 122
62 123
62 124
62 126
62 127
62 130
62 134
62 140
62 142
62 143
62 145
62 151
62 152
62 160
62 165
62 170
62 171
62 179
62 183
62 184
62 185
62 214
62 220
62 221
62 233
62 237
62 238
62 243
62 247
62 248
62 255
62 261
62 262
62 272
62 273
62 277
62 278
62 281
62 284
62 286
62 291
62 292
62 295
62 298
62 299
62 302
62 304
62 308
62 321
62 327
62 332
62 351
62 369
62 372
62 373
62 374
62 378
62 384
62 389
62 410
62 421
62 427
62 437
62 443
62 476
62 487
62 489
62 570
62 633
62 634
62 666
62 671
62 693
62 695
62 711
62 717
62 748
63 64
63 65
63 66
63 67
63 68
63 80
63 83
63 87
63 92
63 102
63 106
63 108
63 109
63 116
63 118
63 121
63 122
63 126
63 127
63 136
63 142
63 143
63 156
63 160
63 165
63 170
63 184
63 191
63 214
63 236
63 255
63 263
63 292
63 297
63 302
63 317
63 332
63 389
63 450
63 451
63 573
63 578
63 606
63 607
63 633
63 634
63 712
64 65
64 66
64 67
64 68
64 69
64 72
64 79
64 88
64 90
64 91
64 92
64 96
64 97
64 99
64 100
64 101
64 102
64 103
64 104
64 105
64 107
64 108
64 113
64 115
64 116
64 118
64 123
64 124
64 126
64 127
64 134
64 142
64 146
64 147
64 148
64 150
64 151
64 155
64 156
64 159
64 161
64 170
64 185
64 186
64 198
64 209
64 243
64 258
64 271
64 278
64 289
64 293
64 306
64 315
64 316
64 318
64 333
64 385
64 389
64 427
64 469
64 492
64 537
64 543
64 643
64 667
64 701
64 712
64 753
65 66
65 67
65 68
65 69
65 76
65 79
65 92
65 106
65 108
65 116
65 125
65 197
65 289
65 321
65 370
65 384
65 410
65 543
65 553
65 590
65 647
65 720
66 67
66 68
66 69
66 73
66 74
66 75
66 76
66 77
66 78
66 79
66 80
66 82
66 83
66 90
66 91
66 92
66 93
66 96
66 101
66 102
66 104
66 106
66 108
66 110
66 111
66 112
66 113
66 116
66 121
66 122
66 123
66 124
66 126
66 127
66 129
66 130
66 134
66 135
66 136
66 140
66 142
66 143
66 144
66 145
66 151
66 152
66 156
66 160
66 161
66 165
66 168
66 170
66 183
66 185
66 191
66 192
66 197
66 199
66 209
66 210
66 215
66 216
66 217
66 218
66 228
66 236
66 237
66 238
66 241
66 243
66 263
66 265
66 270
66 285
66 286
66 289
66 294
66 297
66 299
66 302
66 306
66 327
66 337
66 351
66 393
66 394
66 400
66 416
66 417
66 441
66 442
66 453
66 456
66 459
66 488
66 494
66 504
66 521
66 522
66 543
66 546
66 551
66 563
66 575
66 577
66 590
66 645
66 647
66 650
66 659
66 660
66 701
66 705
66 706
66 717
66 723
66 739
66 748
67 68
67 69
67 70
67 71
67 72
67 73
67 74
67 75
67 76
67 77
67 78
67 79
67 80
67 82
67 83
67 87
67 88
67 90
67 91
67 92
67 93
67 94
67 95
67 96
67 97
67 99
67 100
67 101
67 102
67 103
67 104
67 105
67 106
67 109
67 112
67 113
67 114
67 115
67 116
67 118
67 121
67 122
67 123
67 124
67 125
67 126
67 127
67 129
67 131
67 134
67 135
67 136
67 140
67 142
67 143
67 144
67 145
67 148
67 151
67 152
67 155
67 156
67 159
67 160
67 161
67 162
67 165
67 171
67 177
67 180
67 184
67 185
67 186
67 188
67 191
67 198
67 199
67 202
67 209
67 210
67 216
67 218
67 220
67 223
67 227
67 229
67 233
67 234
67 236
67 237
67 246
67 247
67 248
67 251
67 253
67 255
67 261
67 263
67 270
67 278
67 286
67 288
67 289
67 292
67 294
67 295
67 297
67 302
67 304
67 312
67 313
67 315
67 317
67 320
67 321
67 325
67 329
67 330
67 332
67 335
67 337
67 351
67 357
67 366
67 381
67 384
67 385
67 389
67 390
67 399
67 412
67 413
67 426
67 427
67 445
67 450
67 451
67 456
67 472
67 483
67 488
67 490
67 491
67 506
67 507
67 523
67 527
67 556
67 563
67 564
67 565
67 586
67 621
67 622
67 631
67 637
67 662
67 679
67 702
67 712
67 735
67 737
67 748
67 750
67 752
68 69
68 73
68 74
68 76
68 77
68 79
68 80
68 83
68 88
68 92
68 93
68 100
68 101
68 102
68 104
68 105
68 107
68 108
68 116
68 123
68 124
68 126
68 127
68 134
68 140
68 141
68 142
68 143
68 147
68 151
68 165
68 181
68 183
68 185
68 191
68 197
68 198
68 222
68 248
68 266
68 270
68 271
68 272
68 273
68 278
68 315
68 321
68 374
68 426
68 469
68 540
68 578
68 645
68 759
69 70
69 71
69 72
69 73
69 74
69 75
69 76
69 79
69 80
69 83
69 88
69 92
69 93
69 96
69 97
69 98
69 99
69 100
69 101
69 102
69 103
69 104
69 105
69 106
69 108
69 109
69 113
69 114
69 116
69 121
69 122
69 123
69 124
69 125
69 126
69 127
69 129
69 134
69 135
69 136
69 140
69 143
69 145
69 151
69 152
69 153
69 155
69 160
69 161
69 165
69 168
69 171
69 181
69 183
69 185
69 186
69 189
69 190
69 192
69 197
69 198
69 209
69 214
69 216
69 217
69 218
69 220
69 237
69 238
69 239
69 240
69 248
69 251
69 258
69 262
69 267
69 280
69 289
69 299
69 302
69 318
69 321
69 332
69 349
69 350
69 374
69 378
69 384
69 385
69 389
69 390
69 401
69 415
69 418
69 456
69 479
69 550
69 552
69 560
69 570
69 574
69 580
69 585
69 591
69 603
69 710
69 718
69 719
69 734
69 749
70 71
71 73
71 79
71 84
71 92
71 103
71 108
71 109
71 123
71 130
71 152
71 154
71 159
71 161
71 220
71 228
71 247
71 248
71 256
71 294
71 332
71 395
71 445
71 479
71 480
71 650
71 672
71 683
72 73
72 74
72 77
72 83
72 88
72 90
72 91
72 92
72 93
72 96
72 99
72 100
72 101
72 104
72 105
72 106
72 108
72 120
72 123
72 127
72 129
72 135
72 138
72 142
72 144
72 151
72 156
72 175
72 184
72 197
72 198
72 237
72 238
72 239
72 243
72 261
72 262
72 278
72 284
72 285
72 289
72 388
72 389
72 468
72 469
72 474
72 643
72 656
73 74
73 75
73 77
73 79
73 83
73 87
73 88
73 90
73 91
73 92
73 93
73 96
73 100
73 101
73 102
73 104
73 105
73 106
73 108
73 109
73 111
73 113
73 114
73 115
73 116
73 121
73 123
73 124
73 127
73 134
73 135
73 140
73 142
73 143
73 144
73 146
73 147
73 148
73 151
73 160
73 161
73 183
73 189
73 197
73 198
73 207
73 216
73 220
73 230
73 238
73 247
73 259
73 271
73 273
73 277
73 278
73 281
73 293
73 294
73 302
73 305
73 308
73 333
73 334
73 337
73 357
73 363
73 372
73 373
73 374
73 434
73 449
73 452
73 456
73 457
73 462
73 469
73 482
73 494
73 531
73 532
73 539
73 549
73 575
73 577
73 587
73 645
73 648
73 683
73 685
73 686
73 693
73 734
74 78
74 79
74 80
74 81
74 83
74 92
74 99
74 103
74 104
74 105
74 106
74 114
74 121
74 124
74 129
74 134
74 142
74 151
74 152
74 161
74 165
74 185
74 191
74 192
74 197
74 198
74 227
74 228
74 273
74 288
74 294
74 295
74 299
74 332
74 333
74 337
74 352
74 370
74 437
74 457
74 464
74 466
74 613
74 738
74 749
75 76
75 78
75 79
75 83
75 90
75 93
75 101
75 105
75 108
75 111
75 121
75 123
75 129
75 131
75 134
75 144
75 160
75 197
75 204
75 238
75 281
75 289
75 299
75 302
75 367
75 375
75 376
75 377
75 397
75 426
75 593
75 640
75 645
75 664
75 715
76 77
76 80
76 83
76 91
76 92
76 93
76 99
76 100
76 101
76 102
76 103
76 108
76 112
76 113
76 114
76 115
76 116
76 122
76 123
76 125
76 126
76 127
76 129
76 134
76 136
76 151
76 152
76 156
76 160
76 164
76 168
76 170
76 183
76 210
76 216
76 228
76 235
76 236
76 237
76 241
76 243
76 265
76 280
76 289
76 299
76 321
76 350
76 358
76 359
76 375
76 376
76 377
76 389
76 401
76 410
76 459
76 542
76 611
76 718
76 719
76 729
77 78
77 80
77 83
77 88
77 90
77 91
77 92
77 94
77 99
77 100
77 104
77 109
77 112
77 115
77 118
77 121
77 122
77 123
77 124
77 127
77 129
77 134
77 135
77 140
77 142
77 147
77 148
77 151
77 152
77 154
77 160
77 161
77 170
77 180
77 185
77 189
77 197
77 198
77 201
77 212
77 214
77 220
77 221
77 235
77 238
77 248
77 262
77 264
77 270
77 271
77 272
77 273
77 287
77 312
77 325
77 332
77 345
77 351
77 366
77 370
77 377
77 382
77 391
77 392
77 396
77 403
77 417
77 431
77 434
77 437
77 553
77 560
77 570
77 583
77 694
77 714
78 79
78 83
78 90
78 93
78 96
78 97
78 101
78 103
78 105
78 106
78 109
78 112
78 121
78 122
78 125
78 126
78 127
78 128
78 129
78 134
78 140
78 143
78 144
78 150
78 160
78 181
78 184
78 197
78 199
78 202
78 229
78 235
78 262
78 273
78 288
78 302
78 318
78 345
78 367
78 391
78 400
78 473
78 487
78 488
78 541
78 549
78 599
78 602
78 640
79 80
79 81
79 90
79 92
79 93
79 99
79 101
79 102
79 103
79 104
79 105
79 106
79 107
79 109
79 116
79 121
79 125
79 127
79 129
79 130
79 134
79 135
79 140
79 144
79 148
79 151
79 152
79 156
79 159
79 160
79 161
79 185
79 198
79 209
79 214
79 220
79 229
79 237
79 238
79 243
79 246
79 281
79 288
79 289
79 292
79 299
79 302
79 306
79 317
79 321
79 325
79 332
79 337
79 343
79 354
79 361
79 381
79 421
79 427
79 428
79 429
79 455
79 464
79 476
79 479
79 480
79 489
79 504
79 506
79 507
79 513
79 523
79 524
79 532
79 536
79 565
79 577
79 593
79 612
79 616
79 630
79 631
79 632
79 639
79 664
79 666
79 701
79 734
79 740
79 745
80 81
80 86
80 87
80 90
80 92
80 93
80 96
80 97
80 99
80 100
80 102
80 103
80 104
80 105
80 108
80 109
80 113
80 114
80 116
80 121
80 122
80 124
80 127
80 129
80 140
80 142
80 143
80 144
80 145
80 148
80 151
80 152
80 156
80 159
80 160
80 161
80 180
80 183
80 184
80 185
80 197
80 201
80 204
80 205
80 206
80 214
80 215
80 216
80 217
80 218
80 221
80 223
80 233
80 234
80 235
80 236
80 237
80 248
80 259
80 261
80 263
80 270
80 278
80 292
80 294
80 296
80 302
80 303
80 320
80 335
80 337
80 345
80 371
80 389
80 390
80 394
80 433
80 476
80 500
80 501
80 502
80 503
80 508
80 509
80 515
80 522
80 540
80 546
80 547
80 553
80 601
80 645
80 647
80 672
80 734
81 102
81 148
81 156
81 198
81 204
81 256
81 299
81 464
82 102
82 124
82 129
82 143
82 209
82 273
82 401
82 695
83 88
83 90
83 92
83 93
83 101
83 106
83 108
83 111
83 113
83 114
83 115
83 121
83 122
83 123
83 125
83 126
83 134
83 135
83 140
83 144
83 148
83 150
83 151
83 152
83 160
83 162
83 171
83 172
83 173
83 174
83 175
83 177
83 178
83 183
83 184
83 185
83 199
83 200
83 201
83 202
83 211
83 220
83 243
83 289
83 297
83 302
83 307
83 315
83 317
83 346
83 352
83 437
83 450
83 451
83 556
83 645
83 725
84 85
84 86
84 87
84 123
84 130
84 152
84 256
85 86
85 87
86 87
86 100
86 103
86 122
86 126
86 134
86 138
86 143
86 468
86 500
86 501
86 502
86 503
86 530
86 670
87 90
87 92
87 106
87 108
87 109
87 135
87 151
87 171
87 278
87 332
87 334
87 337
87 449
87 497
87 553
87 575
87 663
88 89
88 92
88 93
88 102
88 105
88 108
88 116
88 121
88 123
88 124
88 135
88 144
88 155
88 160
88 161
88 165
88 181
88 185
88 238
88 315
88 318
88 326
88 332
88 413
88 608
88 609
88 651
90 91
90 92
90 93
90 94
90 95
90 96
90 99
90 100
90 102
90 103
90 104
90 105
90 108
90 115
90 116
90 121
90 122
90 124
90 125
90 126
90 127
90 129
90 134
90 136
90 142
90 145
90 148
90 151
90 152
90 156
90 160
90 161
90 171
90 179
90 181
90 185
90 197
90 198
90 214
90 216
90 220
90 233
90 237
90 246
90 255
90 262
90 281
90 289
90 292
90 294
90 299
90 306
90 314
90 325
90 330
90 343
90 346
90 354
90 359
90 368
90 371
90 382
90 389
90 449
90 487
90 488
90 533
90 534
90 535
90 554
90 560
90 565
90 575
90 577
90 611
90 646
90 673
90 674
90 677
90 679
90 691
90 709
90 711
90 752
91 92
91 93
91 94
91 95
91 96
91 99
91 101
91 102
91 103
91 104
91 115
91 116
91 122
91 123
91 124
91 134
91 156
91 164
91 165
91 166
91 170
91 185
91 197
91 229
91 241
91 243
91 316
91 332
91 362
91 678
92 93
92 94
92 95
92 96
92 99
92 101
92 102
92 103
92 104
92 106
92 108
92 109
92 113
92 116
92 118
92 121
92 122
92 123
92 124
92 125
92 129
92 130
92 135
92 142
92 144
92 146
92 152
92 161
92 165
92 170
92 183
92 184
92 185
92 191
92 192
92 197
92 198
92 205
92 206
92 209
92 214
92 232
92 233
92 235
92 236
92 237
92 243
92 246
92 255
92 263
92 273
92 278
92 281
92 288
92 292
92 294
92 302
92 306
92 307
92 321
92 332
92 338
92 343
92 366
92 381
92 427
92 445
92 454
92 469
92 485
92 506
92 507
92 560
92 564
92 569
92 571
92 626
92 653
92 654
92 658
92 691
93 94
93 95
93 96
93 99
93 100
93 101
93 102
93 103
93 105
93 108
93 113
93 114
93 115
93 116
93 121
93 122
93 125
93 126
93 127
93 136
93 143
93 144
93 148
93 150
93 152
93 177
93 178
93 183
93 185
93 189
93 191
93 197
93 207
93 237
93 248
93 302
93 313
93 327
93 358
93 363
93 374
93 389
93 468
93 474
93 479
93 538
93 588
93 611
93 640
93 690
93 721
93 734
94 95
94 96
94 116
94 140
94 165
94 238
94 267
94 417
95 96
96 99
96 101
96 103
96 105
96 112
96 116
96 121
96 123
96 127
96 143
96 144
96 151
96 160
96 164
96 171
96 181
96 197
96 248
96 258
96 261
96 263
96 271
96 278
96 292
96 302
96 315
96 321
96 335
96 374
96 389
96 424
96 462
96 468
96 474
96 492
96 508
96 509
96 549
96 673
96 674
96 704
96 707
96 736
97 98
97 100
97 101
97 105
97 107
97 109
97 115
97 118
97 122
97 124
97 129
97 135
97 143
97 144
97 160
97 188
97 191
97 209
97 218
97 237
97 248
97 251
97 262
97 267
97 273
97 336
97 337
97 345
97 413
97 456
97 490
99 100
99 101
99 102
99 103
99 104
99 105
99 109
99 121
99 124
99 126
99 127
99 134
99 140
99 146
99 151
99 152
99 165
99 185
99 198
99 219
99 237
99 238
99 258
99 294
99 295
99 302
99 313
99 321
99 325
99 326
99 332
99 371
99 560
99 592
99 674
99 696
99 730
99 734
100 101
100 102
100 103
100 105
100 107
100 108
100 113
100 118
100 121
100 122
100 123
100 127
100 130
100 134
100 140
100 142
100 143
100 156
100 159
100 160
100 161
100 185
100 186
100 189
100 191
100 198
100 201
100 221
100 223
100 234
100 237
100 248
100 251
100 257
100 262
100 263
100 289
100 295
100 321
100 345
100 374
100 389
100 394
100 458
100 559
100 560
100 568
100 570
100 587
100 610
100 619
100 631
100 647
100 648
100 711
100 744
100 750
100 759
101 102
101 103
101 104
101 105
101 108
101 112
101 113
101 114
101 115
101 116
101 121
101 122
101 123
101 125
101 127
101 131
101 134
101 140
101 141
101 143
101 144
101 151
101 152
101 160
101 161
101 165
101 170
101 185
101 186
101 197
101 199
101 200
101 202
101 207
101 209
101 214
101 230
101 234
101 238
101 262
101 267
101 273
101 278
101 281
101 297
101 332
101 335
101 336
101 341
101 374
101 381
101 421
101 425
101 463
101 469
101 481
101 504
101 527
101 546
101 553
101 630
101 631
101 632
101 643
101 652
101 658
101 676
101 710
101 744
101 747
101 759
102 103
102 104
102 105
102 108
102 113
102 116
102 118
102 120
102 122
102 123
102 124
102 125
102 127
102 129
102 134
102 135
102 136
102 140
102 142
102 148
102 151
102 155
102 156
102 160
102 165
102 168
102 180
102 181
102 185
102 197
102 198
102 209
102 216
102 221
102 223
102 237
102 247
102 248
102 259
102 288
102 289
102 292
102 299
102 315
102 321
102 325
102 330
102 372
102 373
102 374
102 389
102 401
102 513
102 526
102 552
102 553
102 582
102 621
102 622
102 671
102 711
102 752
102 755
102 757
102 759
103 104
103 105
103 106
103 108
103 112
103 113
103 116
103 120
103 121
103 123
103 126
103 127
103 130
103 135
103 136
103 137
103 138
103 142
103 143
103 145
103 152
103 160
103 162
103 164
103 171
103 183
103 186
103 189
103 198
103 217
103 229
103 237
103 238
103 246
103 248
103 261
103 267
103 272
103 294
103 295
103 298
103 299
103 302
103 309
103 318
103 321
103 339
103 342
103 343
103 351
103 356
103 378
103 433
103 463
103 468
103 542
103 592
103 611
103 645
103 672
103 697
103 753
104 105
104 108
104 116
104 122
104 127
104 130
104 142
104 149
104 151
104 152
104 160
104 161
104 185
104 186
104 189
104 197
104 198
104 219
104 230
104 235
104 238
104 248
104 253
104 255
104 272
104 313
104 337
104 385
104 391
104 392
104 421
104 425
104 427
104 434
104 441
104 455
104 469
104 513
104 526
104 545
104 577
104 625
104 631
104 645
104 666
104 730
104 758
105 106
105 107
105 108
105 109
105 113
105 116
105 118
105 119
105 121
105 123
105 127
105 129
105 134
105 142
105 143
105 144
105 147
105 151
105 156
105 160
105 161
105 183
105 184
105 185
105 197
105 198
105 217
105 218
105 237
105 240
105 248
105 250
105 255
105 273
105 278
105 289
105 292
105 330
105 337
105 367
105 469
105 482
105 508
105 509
105 510
105 595
105 596
105 620
105 643
105 675
105 698
105 734
105 746
105 752
106 107
106 115
106 116
106 122
106 127
106 148
106 153
106 159
106 189
106 190
106 197
106 288
106 289
106 317
106 334
106 368
106 389
106 450
106 451
106 658
107 122
107 129
107 142
107 191
107 220
107 248
107 251
107 268
107 270
108 109
108 110
108 111
108 112
108 114
108 115
108 121
108 122
108 123
108 124
108 127
108 130
108 134
108 142
108 144
108 147
108 148
108 160
108 183
108 188
108 197
108 198
108 209
108 220
108 221
108 229
108 230
108 247
108 289
108 292
108 294
108 302
108 306
108 319
108 320
108 321
108 327
108 332
108 337
108 369
108 374
108 389
108 394
108 497
108 521
108 533
108 534
108 535
108 553
108 562
108 574
108 611
108 645
108 647
108 729
108 734
108 755
108 756
109 110
109 111
109 112
109 114
109 116
109 121
109 123
109 124
109 127
109 128
109 136
109 140
109 142
109 143
109 144
109 147
109 148
109 152
109 184
109 191
109 198
109 209
109 218
109 220
109 235
109 237
109 243
109 246
109 247
109 248
109 249
109 257
109 278
109 301
109 302
109 332
109 488
109 553
109 560
109 624
109 679
109 699
109 700
109 712
109 722
109 734
110 111
110 112
110 160
111 112
111 114
111 148
111 152
111 160
111 185
111 351
111 416
111 417
111 645
112 142
112 160
112 191
112 197
112 202
112 231
112 264
112 299
112 549
112 611
113 114
113 121
113 122
113 123
113 124
113 127
113 134
113 142
113 144
113 147
113 152
113 160
113 161
113 165
113 173
113 184
113 192
113 216
113 229
113 232
113 233
113 248
113 278
113 291
113 301
113 302
113 321
113 332
113 389
113 391
113 404
113 425
113 433
113 486
113 490
113 529
113 549
113 588
113 737
113 739
114 115
114 116
114 121
114 134
114 140
114 148
114 152
114 185
114 188
114 197
114 209
114 228
114 234
114 238
114 239
114 240
114 248
114 289
114 294
114 332
114 363
114 389
114 390
114 479
114 586
114 627
114 646
114 734
115 116
115 121
115 126
115 127
115 134
115 144
115 148
115 160
115 188
115 191
115 198
115 209
115 221
115 237
115 267
115 281
115 302
115 307
115 330
115 336
115 352
115 389
115 412
115 413
115 422
115 423
115 438
115 452
115 646
115 657
115 658
116 120
116 121
116 123
116 126
116 127
116 134
116 135
116 142
116 143
116 144
116 145
116 151
116 152
116 153
116 160
116 161
116 162
116 165
116 170
116 181
116 183
116 184
116 185
116 189
116 190
116 197
116 198
116 199
116 209
116 217
116 230
116 235
116 243
116 248
116 273
116 279
116 281
116 288
116 289
116 293
116 302
116 306
116 318
116 326
116 332
116 333
116 335
116 368
116 420
116 421
116 460
116 461
116 482
116 491
116 504
116 554
116 573
116 582
116 584
116 608
116 609
116 630
116 631
116 632
116 673
116 674
116 697
118 119
118 122
118 123
118 134
118 188
118 212
118 257
118 366
118 374
118 568
120 134
120 197
120 238
120 389
120 582
120 646
121 122
121 125
121 126
121 129
121 134
121 136
121 144
121 147
121 148
121 160
121 164
121 165
121 170
121 171
121 179
121 186
121 192
121 197
121 198
121 211
121 214
121 221
121 223
121 230
121 237
121 281
121 294
121 302
121 325
121 331
121 351
121 367
121 378
121 389
121 394
121 455
121 588
121 638
121 647
121 657
121 704
121 721
121 734
122 123
122 126
122 127
122 129
122 131
122 142
122 143
122 148
122 152
122 155
122 160
122 161
122 180
122 183
122 191
122 200
122 201
122 202
122 221
122 223
122 233
122 235
122 238
122 239
122 248
122 251
122 253
122 262
122 270
122 283
122 292
122 299
122 302
122 317
122 325
122 327
122 352
122 355
122 366
122 389
122 408
122 432
122 450
122 451
122 466
122 472
122 490
122 530
122 601
122 621
122 622
122 625
122 633
122 634
122 675
122 723
122 747
123 124
123 126
123 127
123 128
123 130
123 131
123 134
123 135
123 148
123 151
123 152
123 155
123 159
123 161
123 165
123 180
123 183
123 185
123 198
123 203
123 204
123 209
123 220
123 237
123 243
123 247
123 261
123 267
123 274
123 275
123 278
123 301
123 308
123 315
123 316
123 318
123 352
123 366
123 410
123 419
123 424
123 426
123 445
123 456
123 460
123 461
123 472
123 481
123 537
123 540
123 550
123 591
123 637
123 699
123 700
123 708
123 718
123 719
123 753
124 127
124 134
124 135
124 143
124 151
124 152
124 165
124 183
124 185
124 191
124 209
124 210
124 220
124 235
124 237
124 243
124 259
124 262
124 273
124 294
124 326
124 332
124 410
124 456
124 475
124 553
124 562
124 650
124 695
124 711
124 724
125 126
125 127
125 128
125 129
125 151
125 160
125 209
125 281
125 384
125 599
125 617
125 658
126 127
126 128
126 129
126 132
126 133
126 134
126 135
126 145
126 148
126 151
126 159
126 160
126 161
126 165
126 177
126 183
126 207
126 222
126 263
126 281
126 292
126 302
126 303
126 304
126 305
126 344
126 410
126 447
126 458
126 468
126 484
126 485
126 537
126 540
126 588
126 592
126 633
126 634
126 646
126 703
126 721
127 128
127 129
127 135
127 140
127 142
127 143
127 144
127 146
127 151
127 152
127 156
127 158
127 159
127 160
127 161
127 165
127 171
127 181
127 183
127 184
127 186
127 189
127 191
127 193
127 197
127 198
127 202
127 211
127 214
127 220
127 237
127 238
127 243
127 246
127 247
127 248
127 253
127 255
127 261
127 263
127 266
127 267
127 269
127 270
127 278
127 281
127 286
127 288
127 292
127 294
127 299
127 304
127 309
127 332
127 333
127 358
127 384
127 385
127 389
127 393
127 394
127 401
127 419
127 428
127 429
127 433
127 440
127 441
127 442
127 475
127 485
127 553
127 562
127 612
127 645
127 646
127 656
127 672
127 722
127 723
127 751
127 759
128 129
128 473
128 699
128 700
129 142
129 144
129 151
129 152
129 155
129 171
129 227
129 262
129 289
129 299
129 358
129 359
129 375
129 376
129 377
129 378
129 490
129 691
130 134
130 151
130 192
130 421
130 427
130 626
130 650
131 426
132 133
132 134
132 135
133 134
133 135
134 135
134 138
134 140
134 145
134 148
134 151
134 161
134 165
134 170
134 171
134 183
134 185
134 188
134 191
134 192
134 197
134 212
134 216
134 233
134 237
134 238
134 241
134 246
134 262
134 273
134 274
134 275
134 277
134 278
134 302
134 306
134 321
134 332
134 333
134 367
134 382
134 389
134 414
134 445
134 453
134 457
134 519
134 520
134 533
134 534
134 535
134 550
134 565
134 619
134 623
134 624
134 646
134 670
134 691
134 711
135 144
135 148
135 151
135 152
135 157
135 162
135 171
135 183
135 197
135 198
135 209
135 214
135 223
135 236
135 237
135 243
135 259
135 260
135 273
135 288
135 292
135 321
135 343
135 550
135 649
135 663
135 697
136 137
136 138
136 143
136 168
136 325
136 479
136 611
136 690
136 712
137 138
138 142
138 170
138 241
138 246
138 670
139 140
139 141
140 141
140 155
140 156
140 176
140 185
140 191
140 214
140 221
140 262
140 295
140 302
140 326
140 335
140 400
140 417
140 496
140 546
140 547
140 570
140 646
140 660
140 664
140 759
141 143
141 170
141 527
142 143
142 144
142 145
142 151
142 159
142 160
142 161
142 184
142 189
142 209
142 227
142 237
142 243
142 246
142 247
142 255
142 263
142 269
142 302
142 307
142 320
142 330
142 343
142 370
142 401
142 402
142 403
142 410
142 420
142 421
142 425
142 553
142 561
142 611
142 631
142 722
142 727
142 752
143 144
143 145
143 151
143 152
143 160
143 189
143 197
143 198
143 237
143 270
143 273
143 278
143 345
143 408
143 409
143 410
143 411
143 500
143 501
143 502
143 503
143 587
143 648
143 695
143 712
143 723
144 145
144 147
144 151
144 152
144 158
144 165
144 185
144 188
144 197
144 199
144 200
144 201
144 214
144 235
144 237
144 255
144 289
144 292
144 302
144 307
144 321
144 326
144 332
144 356
144 364
144 389
144 404
144 459
144 465
144 466
144 486
144 490
144 491
144 508
144 509
144 579
144 608
144 609
144 640
144 659
144 660
144 734
144 741
145 160
145 171
145 177
145 183
145 210
145 217
145 220
145 237
145 248
145 272
145 298
145 299
145 351
145 733
146 147
146 148
146 151
146 184
146 207
146 209
146 216
146 454
146 531
146 532
147 148
147 191
147 211
147 223
147 321
147 356
147 382
147 426
147 510
147 559
147 567
147 588
147 638
147 726
147 734
148 150
148 151
148 152
148 161
148 177
148 178
148 185
148 188
148 189
148 191
148 198
148 199
148 207
148 209
148 238
148 262
148 292
148 302
148 315
148 330
148 389
148 403
148 412
148 413
148 445
148 550
148 597
148 598
148 601
148 658
148 675
150 177
150 178
150 184
150 318
151 152
151 155
151 156
151 160
151 161
151 165
151 185
151 191
151 192
151 198
151 204
151 207
151 210
151 216
151 219
151 220
151 221
151 230
151 237
151 238
151 239
151 245
151 248
151 261
151 262
151 265
151 272
151 273
151 278
151 279
151 289
151 292
151 293
151 296
151 297
151 302
151 320
151 327
151 328
151 346
151 389
151 459
151 469
151 481
151 508
151 509
151 531
151 532
151 545
151 599
151 643
151 692
151 730
151 732
151 736
152 160
152 161
152 162
152 170
152 183
152 185
152 198
152 202
152 214
152 223
152 237
152 238
152 256
152 289
152 292
152 332
152 404
152 560
152 601
152 691
152 697
152 725
152 738
153 154
153 189
153 190
154 248
154 254
154 255
154 308
154 672
155 183
155 199
155 237
155 239
155 278
155 289
155 302
155 308
155 318
156 160
156 176
156 185
156 223
156 228
156 259
156 262
156 293
156 304
156 306
156 327
156 361
156 401
156 513
156 553
156 595
156 596
156 687
158 364
159 160
159 161
159 263
159 320
159 383
159 537
159 750
160 161
160 169
160 170
160 173
160 217
160 220
160 221
160 228
160 236
160 237
160 261
160 262
160 263
160 264
160 273
160 282
160 297
160 302
160 306
160 312
160 320
160 321
160 327
160 332
160 345
160 347
160 348
160 396
160 425
160 525
160 575
160 629
160 631
160 645
160 651
160 657
161 165
161 171
161 183
161 185
161 189
161 198
161 201
161 272
161 278
161 292
161 332
161 345
161 443
161 445
161 537
161 545
161 577
161 601
161 749
162 183
162 238
162 399
162 556
162 697
164 165
164 166
164 171
164 389
164 542
165 166
165 170
165 181
165 185
165 192
165 214
165 222
165 226
165 233
165 235
165 291
165 337
165 414
165 419
165 443
165 490
165 491
165 529
166 183
166 262
167 168
169 170
170 196
170 214
170 241
170 243
170 246
170 263
170 288
170 333
170 344
170 527
170 583
171 172
171 173
171 174
171 175
171 183
171 214
171 240
171 248
171 251
171 255
171 272
171 278
171 298
171 299
171 332
171 373
171 389
171 612
171 636
171 663
172 173
172 174
172 175
173 174
173 175
173 194
173 195
173 405
173 525
174 175
175 239
177 178
177 236
178 315
180 234
180 235
180 262
180 332
180 341
180 458
180 466
180 511
180 558
180 564
181 191
181 246
181 262
181 266
181 278
181 386
181 487
181 488
181 673
181 674
183 185
183 199
183 230
183 248
183 262
183 278
183 302
183 305
183 318
183 327
183 332
183 351
183 372
183 410
183 441
183 442
183 453
183 460
183 461
183 504
183 521
183 522
183 540
183 620
183 650
183 697
183 698
183 703
183 728
183 754
184 185
184 186
184 187
184 209
184 233
184 237
184 243
184 255
184 284
184 302
184 318
184 454
184 487
184 489
185 186
185 187
185 197
185 198
185 210
185 220
185 223
185 237
185 259
185 278
185 282
185 283
185 289
185 315
185 318
185 325
185 332
185 352
185 354
185 370
185 380
185 446
185 460
185 461
185 476
185 490
185 491
185 496
185 522
185 532
185 536
185 553
185 589
185 590
185 639
185 664
185 701
186 187
186 198
186 385
186 436
186 449
188 189
188 519
188 520
189 190
189 221
189 237
189 253
189 479
191 248
191 251
191 278
191 292
191 330
191 358
191 407
191 412
191 413
191 426
191 571
192 560
194 195
197 198
197 214
197 228
197 234
197 235
197 243
197 271
197 273
197 305
197 325
197 332
197 362
197 367
197 374
197 479
197 549
197 589
197 590
197 646
197 734
198 209
198 214
198 233
198 237
198 238
198 246
198 248
198 254
198 261
198 288
198 378
198 425
198 436
198 477
198 478
198 481
198 523
198 527
198 587
198 648
198 679
198 740
199 209
199 223
199 255
199 289
199 335
199 421
199 459
199 659
199 660
200 201
200 202
200 273
200 389
200 481
201 202
201 321
201 345
201 486
201 741
203 204
204 327
204 328
204 715
205 206
207 216
207 238
207 341
207 531
207 532
209 234
209 262
209 263
209 302
209 312
209 313
209 335
209 337
209 401
209 402
209 403
209 413
209 421
209 454
210 237
210 265
211 237
211 292
212 521
214 243
214 248
214 263
214 292
214 321
214 343
214 370
214 373
214 553
214 600
214 636
214 709
214 740
215 216
215 217
215 218
216 217
216 218
216 294
216 321
216 389
216 418
216 439
216 483
216 531
216 532
216 553
217 218
217 220
219 220
219 238
219 730
220 247
220 262
220 287
220 289
220 291
220 294
220 302
220 308
220 315
220 346
220 479
220 490
220 553
220 562
220 629
220 683
220 693
220 702
221 237
221 262
221 296
221 302
221 570
221 657
223 259
223 325
223 553
223 621
223 622
223 638
224 225
226 614
228 395
230 234
230 294
230 313
230 469
230 553
230 645
230 692
230 710
232 233
233 284
233 414
233 487
233 489
233 679
234 312
234 313
234 553
234 631
234 710
235 236
235 237
235 248
235 249
235 262
235 466
236 237
236 246
236 260
236 263
236 297
237 255
237 265
237 282
237 283
237 289
237 292
237 302
237 350
237 351
237 370
237 373
237 378
237 408
237 419
237 488
237 528
237 561
237 619
237 631
237 655
237 657
237 679
237 711
238 239
238 240
238 267
238 283
238 389
238 393
238 394
238 399
238 730
239 240
240 255
240 332
241 243
241 246
243 248
243 292
243 316
243 321
243 343
243 410
244 245
244 246
244 479
245 246
246 247
246 255
246 269
246 297
246 325
246 332
246 335
246 343
246 378
246 386
246 565
247 248
247 269
247 372
247 373
247 374
248 249
248 251
248 263
248 272
248 278
248 286
248 298
248 299
248 308
248 315
248 318
248 358
248 370
248 389
248 390
248 433
248 470
248 471
248 540
248 553
248 661
251 618
251 684
253 625
253 687
253 688
253 689
254 255
254 320
254 321
254 340
254 389
254 425
254 477
254 478
255 261
255 304
255 332
255 343
255 352
255 353
255 384
255 606
255 607
257 374
257 568
259 262
259 337
259 363
259 463
259 553
259 576
261 304
261 321
261 384
261 481
262 293
262 302
262 337
262 406
262 413
262 463
262 466
262 487
262 488
262 570
262 576
262 629
262 668
263 297
263 302
263 335
263 401
263 402
263 403
263 470
263 471
263 485
263 750
267 302
267 336
267 342
267 343
267 380
270 271
270 272
270 273
270 723
271 272
271 273
271 315
271 492
272 273
272 298
272 299
272 545
273 279
273 290
273 294
273 333
273 345
273 457
273 481
273 560
273 581
273 675
273 695
274 275
277 278
278 294
278 308
278 370
278 439
278 469
278 540
278 571
278 643
278 737
278 743
281 292
281 295
281 354
281 594
281 646
281 658
282 283
283 306
283 380
284 285
284 487
284 489
285 294
285 378
286 490
286 541
286 717
288 344
288 378
288 381
288 458
288 506
288 507
289 292
289 315
289 346
289 350
289 373
289 382
289 389
289 593
289 602
289 701
291 529
292 295
292 321
292 332
292 343
292 389
292 508
292 509
292 601
292 633
292 634
292 662
292 677
293 302
293 306
293 685
293 686
294 295
294 325
294 331
294 439
294 581
294 680
294 683
298 299
299 375
299 376
299 377
299 464
300 566
301 302
302 318
302 326
302 327
302 351
302 374
302 380
302 401
302 402
302 403
302 420
302 421
302 544
302 569
302 592
302 657
302 685
302 686
302 707
303 304
303 515
304 384
305 306
305 703
306 380
307 352
307 356
307 727
308 693
310 311
312 313
312 396
313 469
313 538
313 645
313 674
313 696
315 492
315 702
317 450
317 451
318 460
318 461
319 320
319 321
320 321
320 467
321 332
321 340
321 343
321 389
321 398
321 486
321 559
321 662
321 711
321 741
322 323
322 324
323 324
323 557
325 331
325 611
325 621
325 622
326 332
326 608
326 609
327 328
330 412
330 413
330 752
332 410
332 425
332 458
332 511
332 560
332 608
332 609
332 650
332 662
332 742
332 749
333 457
335 354
335 378
335 399
335 421
335 546
335 547
337 363
337 413
337 434
337 437
337 497
342 343
347 348
351 378
351 416
351 417
351 437
352 353
352 370
358 359
361 513
364 365
370 410
370 553
370 561
370 720
372 373
372 374
372 698
373 374
373 636
374 568
374 707
375 376
375 377
376 377
378 415
380 640
381 506
381 507
382 691
388 485
389 390
389 408
389 658
391 392
391 602
393 394
394 647
401 402
401 403
401 495
402 403
404 515
408 409
408 410
408 411
408 528
409 410
409 411
410 411
410 516
410 517
410 553
410 650
410 720
412 413
416 417
420 421
421 427
422 423
425 477
425 478
425 631
427 712
428 429
433 486
433 645
433 672
435 436
441 442
444 445
445 550
449 575
450 451
452 539
459 659
459 660
460 461
463 576
465 466
468 474
469 643
469 645
470 471
477 478
479 480
479 690
479 734
481 551
486 741
487 488
487 489
488 563
488 679
489 642
490 491
490 541
500 501
500 502
500 503
501 502
501 503
502 503
504 505
504 521
504 522
504 630
504 631
504 632
506 507
508 509
513 526
514 515
516 517
519 520
521 522
523 524
523 527
523 623
523 723
526 549
531 532
532 536
532 548
533 534
533 535
534 535
538 644
543 590
543 647
546 547
553 562
553 710
553 720
553 722
587 648
588 721
589 590
590 647
595 596
597 598
606 607
608 609
621 622
623 624
623 723
630 631
630 632
631 632
633 634
645 672
653 654
659 660
673 674
674 696
685 686
687 688
687 689
688 689
698 746
699 700
713 714
718 719
760 761
