0 1
0 3
0 5
0 12
0 13
0 14
0 15
0 16
0 25
0 26
0 27
0 31
0 33
0 36
0 37
0 38
0 39
0 48
0 50
0 54
0 55
0 59
0 62
0 65
0 67
0 68
0 71
0 72
0 73
0 78
0 83
0 85
0 88
0 89
0 97
0 99
0 100
0 103
0 107
0 113
0 122
0 123
0 124
0 127
0 130
0 133
0 136
0 138
0 141
0 146
0 150
0 152
0 164
0 171
0 172
0 173
0 174
0 177
0 180
0 181
0 185
0 186
0 187
0 201
0 210
0 237
0 249
0 258
0 259
0 270
0 274
0 277
0 278
0 291
0 292
0 297
0 318
0 355
0 370
0 390
0 508
0 538
0 606
0 617
0 700
0 765
1 3
1 9
1 13
1 14
1 15
1 18
1 20
1 25
1 26
1 28
1 32
1 33
1 35
1 38
1 39
1 44
1 45
1 47
1 48
1 49
1 50
1 54
1 56
1 59
1 60
1 67
1 71
1 73
1 78
1 83
1 85
1 87
1 89
1 90
1 92
1 93
1 96
1 97
1 99
1 100
1 107
1 108
1 113
1 122
1 123
1 133
1 138
1 146
1 150
1 151
1 152
1 157
1 177
1 180
1 181
1 182
1 193
1 194
1 208
1 222
1 232
1 274
1 289
1 292
1 328
1 361
1 405
1 407
1 436
1 438
1 443
1 446
1 488
1 495
1 496
1 499
1 542
1 545
1 550
1 570
1 573
1 626
1 657
1 680
1 732
2 3
2 4
2 12
2 14
2 15
2 16
2 17
2 18
2 19
2 38
2 49
2 50
2 57
2 69
2 164
2 167
2 181
2 251
2 252
3 4
3 5
3 28
3 33
3 39
3 49
3 54
3 71
3 72
3 80
3 81
3 85
3 97
3 108
3 111
3 122
3 157
3 168
3 171
3 177
3 264
3 292
3 308
3 375
3 418
3 419
4 8
4 12
4 13
4 14
4 15
4 16
4 18
4 19
4 20
4 25
4 27
4 28
4 30
4 31
4 32
4 37
4 39
4 45
4 51
4 55
4 56
4 59
4 62
4 65
4 67
4 78
4 79
4 84
4 85
4 87
4 89
4 97
4 99
4 101
4 103
4 107
4 108
4 113
4 123
4 127
4 130
4 131
4 132
4 133
4 141
4 142
4 149
4 150
4 152
4 163
4 164
4 171
4 175
4 178
4 180
4 200
4 201
4 202
4 203
4 210
4 218
4 224
4 239
4 241
4 256
4 289
4 291
4 292
4 312
4 321
4 322
4 355
4 385
4 440
4 443
4 447
4 479
4 480
4 508
4 515
4 563
4 628
4 653
4 657
4 691
4 718
4 747
4 759
4 780
5 6
5 8
5 12
5 14
5 18
5 25
5 30
5 31
5 32
5 38
5 45
5 49
5 52
5 55
5 56
5 57
5 62
5 67
5 73
5 74
5 79
5 83
5 85
5 87
5 89
5 97
5 99
5 100
5 111
5 116
5 130
5 149
5 152
5 157
5 161
5 164
5 172
5 180
5 181
5 186
5 190
5 193
5 194
5 210
5 230
5 240
5 291
5 292
5 304
5 307
5 308
5 376
5 567
5 641
5 692
6 28
6 150
6 171
6 230
7 8
7 12
7 13
7 14
7 16
7 18
7 20
7 23
7 24
7 26
7 30
7 31
7 33
7 37
7 43
7 47
7 49
7 54
7 55
7 56
7 60
7 62
7 67
7 71
7 73
7 78
7 80
7 83
7 85
7 89
7 92
7 99
7 100
7 103
7 108
7 111
7 113
7 123
7 130
7 133
7 141
7 146
7 147
7 149
7 151
7 152
7 167
7 177
7 179
7 208
7 210
7 220
7 229
7 239
7 268
7 269
7 274
7 282
7 307
7 361
7 383
7 402
7 403
7 453
7 492
7 509
7 528
7 599
7 605
7 619
7 729
7 740
8 9
8 11
8 12
8 13
8 14
8 18
8 20
8 25
8 27
8 30
8 32
8 38
8 43
8 47
8 49
8 50
8 62
8 71
8 72
8 76
8 84
8 87
8 89
8 91
8 97
8 99
8 103
8 149
8 150
8 152
8 164
8 177
8 181
8 193
8 210
8 220
8 231
8 256
8 278
8 295
8 328
8 351
8 385
8 400
8 423
8 443
8 515
8 535
8 536
8 539
8 578
8 654
9 10
9 12
9 13
9 14
9 15
9 18
9 25
9 26
9 28
9 30
9 32
9 33
9 34
9 36
9 38
9 39
9 45
9 47
9 48
9 49
9 55
9 56
9 57
9 61
9 62
9 65
9 67
9 69
9 72
9 74
9 76
9 77
9 78
9 88
9 89
9 93
9 95
9 97
9 99
9 100
9 103
9 106
9 128
9 149
9 152
9 155
9 159
9 160
9 164
9 167
9 177
9 180
9 181
9 210
9 256
9 260
9 261
9 262
9 274
9 292
9 317
9 320
9 341
9 376
9 388
9 389
9 396
9 457
9 520
9 524
9 565
9 568
9 683
9 703
9 732
9 752
9 757
9 758
9 766
10 12
10 13
10 14
10 25
10 27
10 30
10 54
10 56
10 62
10 65
10 67
10 68
10 85
10 87
10 99
10 103
10 107
10 108
10 128
10 133
10 141
10 146
10 150
10 171
10 176
10 177
10 179
10 191
10 218
10 318
10 335
10 459
10 474
10 477
10 548
10 770
11 12
11 13
11 14
12 13
12 14
12 15
12 18
12 25
12 26
12 27
12 30
12 31
12 32
12 33
12 38
12 39
12 44
12 47
12 49
12 54
12 55
12 56
12 58
12 62
12 65
12 67
12 68
12 70
12 71
12 72
12 73
12 74
12 76
12 78
12 79
12 80
12 81
12 83
12 85
12 87
12 88
12 89
12 99
12 100
12 103
12 107
12 108
12 123
12 124
12 128
12 130
12 133
12 141
12 146
12 149
12 150
12 152
12 157
12 160
12 162
12 164
12 166
12 172
12 175
12 177
12 180
12 181
12 186
12 193
12 194
12 205
12 220
12 237
12 250
12 251
12 252
12 274
12 306
12 329
12 351
12 384
12 390
12 425
12 464
12 497
12 498
12 508
12 510
12 533
12 539
12 629
12 703
13 14
13 15
13 16
13 18
13 25
13 26
13 27
13 28
13 30
13 31
13 33
13 36
13 45
13 47
13 48
13 54
13 55
13 56
13 57
13 59
13 61
13 62
13 65
13 71
13 72
13 73
13 74
13 76
13 78
13 79
13 80
13 83
13 84
13 86
13 87
13 88
13 89
13 94
13 97
13 99
13 100
13 101
13 103
13 104
13 107
13 108
13 109
13 113
13 123
13 127
13 128
13 130
13 141
13 145
13 147
13 149
13 150
13 151
13 152
13 153
13 154
13 157
13 159
13 160
13 164
13 172
13 173
13 174
13 177
13 179
13 180
13 181
13 184
13 186
13 191
13 193
13 194
13 210
13 217
13 218
13 220
13 222
13 224
13 225
13 234
13 237
13 241
13 244
13 262
13 273
13 274
13 275
13 279
13 285
13 289
13 291
13 292
13 307
13 318
13 321
13 335
13 336
13 347
13 348
13 361
13 383
13 390
13 408
13 443
13 456
13 459
13 466
13 467
13 469
13 474
13 476
13 483
13 514
13 543
13 553
13 574
13 613
13 639
13 640
13 665
13 703
13 706
13 707
13 751
13 772
13 776
13 798
14 15
14 16
14 18
14 20
14 25
14 27
14 28
14 30
14 31
14 32
14 33
14 37
14 38
14 39
14 43
14 44
14 45
14 47
14 48
14 49
14 50
14 54
14 56
14 57
14 58
14 61
14 62
14 65
14 67
14 72
14 73
14 74
14 77
14 83
14 84
14 87
14 89
14 92
14 94
14 95
14 97
14 99
14 100
14 103
14 104
14 107
14 108
14 113
14 115
14 123
14 124
14 128
14 133
14 136
14 141
14 144
14 146
14 149
14 150
14 152
14 153
14 154
14 155
14 157
14 159
14 164
14 167
14 171
14 172
14 175
14 176
14 177
14 179
14 186
14 192
14 193
14 194
14 207
14 208
14 209
14 210
14 217
14 220
14 225
14 231
14 234
14 240
14 241
14 244
14 249
14 263
14 264
14 265
14 272
14 274
14 278
14 280
14 295
14 300
14 301
14 318
14 320
14 321
14 328
14 335
14 336
14 361
14 390
14 396
14 403
14 405
14 411
14 412
14 415
14 416
14 431
14 440
14 443
14 444
14 446
14 450
14 453
14 477
14 478
14 480
14 483
14 507
14 523
14 525
14 543
14 556
14 563
14 566
14 567
14 584
14 613
14 654
14 663
14 664
14 680
14 697
14 707
14 767
15 16
15 17
15 18
15 19
15 25
15 27
15 28
15 31
15 32
15 33
15 36
15 37
15 38
15 39
15 45
15 47
15 48
15 49
15 54
15 56
15 57
15 60
15 61
15 65
15 67
15 68
15 69
15 72
15 73
15 78
15 80
15 83
15 87
15 88
15 89
15 94
15 95
15 97
15 98
15 99
15 100
15 101
15 104
15 107
15 108
15 111
15 113
15 116
15 123
15 131
15 133
15 146
15 149
15 150
15 151
15 152
15 154
15 155
15 157
15 159
15 163
15 164
15 167
15 169
15 171
15 175
15 177
15 178
15 181
15 194
15 195
15 199
15 201
15 208
15 210
15 217
15 218
15 220
15 226
15 227
15 235
15 236
15 237
15 240
15 249
15 253
15 254
15 272
15 274
15 280
15 285
15 289
15 297
15 303
15 304
15 305
15 323
15 324
15 337
15 388
15 389
15 390
15 456
15 476
15 508
15 521
15 522
15 560
15 570
15 596
15 638
15 680
15 691
15 718
15 747
15 780
15 789
15 790
15 798
16 17
16 18
16 19
16 20
16 27
16 32
16 33
16 37
16 38
16 44
16 45
16 48
16 50
16 54
16 56
16 61
16 62
16 68
16 71
16 72
16 76
16 80
16 83
16 89
16 92
16 94
16 95
16 97
16 98
16 99
16 103
16 113
16 130
16 133
16 139
16 141
16 150
16 157
16 164
16 167
16 168
16 177
16 180
16 193
16 204
16 224
16 237
16 257
16 287
16 291
16 292
16 306
16 307
16 321
16 327
16 381
16 403
16 405
16 418
16 450
16 483
16 508
16 523
16 563
16 605
16 679
17 18
17 19
17 54
17 62
17 106
17 130
17 146
17 177
17 193
17 355
17 646
17 647
17 799
18 19
18 20
18 25
18 26
18 27
18 28
18 30
18 31
18 33
18 36
18 37
18 39
18 40
18 41
18 42
18 44
18 45
18 47
18 48
18 50
18 51
18 52
18 54
18 55
18 56
18 57
18 59
18 62
18 65
18 67
18 72
18 73
18 74
18 76
18 78
18 83
18 85
18 87
18 88
18 89
18 90
18 93
18 95
18 97
18 99
18 101
18 103
18 104
18 107
18 108
18 111
18 113
18 116
18 118
18 123
18 124
18 127
18 130
18 133
18 139
18 141
18 146
18 147
18 149
18 150
18 151
18 152
18 154
18 159
18 160
18 161
18 163
18 164
18 171
18 177
18 178
18 179
18 181
18 184
18 190
18 191
18 193
18 194
18 199
18 201
18 206
18 210
18 225
18 229
18 232
18 255
18 264
18 274
18 278
18 289
18 299
18 317
18 319
18 320
18 321
18 322
18 329
18 337
18 349
18 365
18 373
18 376
18 383
18 399
18 411
18 431
18 440
18 444
18 469
18 506
18 507
18 510
18 520
18 579
18 593
18 594
18 618
18 625
18 630
18 668
18 679
18 691
18 698
18 699
18 703
18 704
18 718
18 719
18 732
18 737
18 747
18 780
19 20
19 23
19 25
19 27
19 28
19 36
19 38
19 39
19 44
19 45
19 48
19 49
19 50
19 54
19 55
19 56
19 60
19 61
19 62
19 71
19 73
19 83
19 85
19 87
19 89
19 93
19 97
19 99
19 100
19 101
19 103
19 108
19 110
19 111
19 113
19 123
19 127
19 130
19 133
19 137
19 149
19 150
19 151
19 152
19 157
19 159
19 171
19 176
19 190
19 193
19 194
19 199
19 200
19 201
19 210
19 220
19 226
19 240
19 241
19 262
19 263
19 270
19 274
19 281
19 282
19 289
19 311
19 318
19 332
19 337
19 361
19 370
19 381
19 405
19 412
19 464
19 470
19 489
19 579
19 661
19 754
19 789
19 790
20 21
20 22
20 23
20 25
20 27
20 33
20 38
20 39
20 43
20 45
20 47
20 48
20 49
20 50
20 54
20 56
20 58
20 59
20 62
20 65
20 69
20 72
20 73
20 76
20 78
20 87
20 88
20 89
20 93
20 95
20 97
20 99
20 103
20 107
20 109
20 110
20 116
20 123
20 128
20 133
20 141
20 146
20 149
20 150
20 152
20 154
20 158
20 164
20 177
20 181
20 193
20 194
20 220
20 262
20 270
20 278
20 286
20 318
20 327
20 333
20 336
20 345
20 357
20 361
20 371
20 382
20 407
20 411
20 412
20 431
20 438
20 480
20 483
20 512
20 556
20 561
20 642
20 643
20 652
20 797
21 22
21 146
21 150
22 33
22 50
22 84
22 108
22 140
22 149
22 154
22 171
22 292
22 337
23 24
23 26
23 28
23 31
23 36
23 38
23 45
23 47
23 48
23 49
23 50
23 61
23 62
23 88
23 89
23 111
23 123
23 151
23 157
23 172
23 177
23 194
23 206
23 210
23 264
23 272
23 310
23 357
23 464
23 471
23 517
23 624
23 771
25 26
25 27
25 28
25 29
25 31
25 32
25 36
25 38
25 39
25 41
25 44
25 45
25 47
25 48
25 49
25 50
25 51
25 54
25 55
25 56
25 57
25 58
25 61
25 65
25 67
25 69
25 71
25 72
25 73
25 76
25 78
25 80
25 83
25 85
25 87
25 88
25 89
25 92
25 95
25 97
25 99
25 100
25 101
25 103
25 107
25 108
25 111
25 112
25 113
25 118
25 122
25 123
25 124
25 127
25 128
25 130
25 133
25 139
25 140
25 141
25 146
25 149
25 152
25 155
25 157
25 159
25 164
25 167
25 168
25 171
25 172
25 177
25 179
25 180
25 186
25 190
25 191
25 193
25 194
25 203
25 208
25 210
25 220
25 227
25 237
25 239
25 244
25 249
25 260
25 261
25 262
25 274
25 278
25 285
25 288
25 291
25 292
25 297
25 304
25 310
25 312
25 315
25 316
25 318
25 320
25 321
25 324
25 361
25 372
25 378
25 386
25 388
25 389
25 390
25 395
25 396
25 398
25 407
25 428
25 438
25 440
25 472
25 473
25 511
25 548
25 550
25 557
25 565
25 590
25 593
25 594
25 614
25 615
25 622
25 623
25 629
25 640
25 653
25 657
25 691
25 714
25 726
25 743
25 755
26 27
26 28
26 29
26 31
26 36
26 37
26 39
26 40
26 41
26 42
26 54
26 61
26 62
26 63
26 72
26 78
26 83
26 85
26 93
26 99
26 100
26 108
26 123
26 130
26 149
26 156
26 157
26 164
26 168
26 169
26 170
26 171
26 177
26 179
26 180
26 190
26 194
26 210
26 222
26 239
26 241
26 291
26 357
26 408
26 471
26 517
26 524
26 533
26 550
27 28
27 29
27 32
27 33
27 36
27 37
27 38
27 39
27 40
27 41
27 42
27 45
27 48
27 49
27 54
27 56
27 62
27 68
27 69
27 71
27 72
27 74
27 78
27 83
27 85
27 87
27 89
27 97
27 99
27 100
27 101
27 103
27 108
27 113
27 118
27 122
27 123
27 124
27 130
27 133
27 141
27 146
27 151
27 152
27 164
27 171
27 177
27 179
27 186
27 191
27 193
27 196
27 199
27 201
27 208
27 210
27 221
27 225
27 249
27 273
27 288
27 292
27 298
27 305
27 306
27 307
27 337
27 351
27 361
27 411
27 431
27 456
27 464
27 469
27 507
27 516
27 549
27 556
27 584
27 627
27 675
27 698
27 699
27 704
27 726
27 756
28 29
28 31
28 32
28 36
28 39
28 43
28 45
28 47
28 48
28 49
28 54
28 55
28 56
28 57
28 58
28 61
28 62
28 65
28 67
28 69
28 72
28 73
28 77
28 78
28 80
28 81
28 83
28 84
28 87
28 88
28 89
28 97
28 99
28 101
28 107
28 108
28 113
28 118
28 123
28 130
28 131
28 132
28 133
28 141
28 148
28 149
28 150
28 151
28 154
28 157
28 164
28 171
28 177
28 179
28 186
28 188
28 194
28 201
28 208
28 210
28 212
28 220
28 221
28 230
28 237
28 244
28 258
28 265
28 273
28 274
28 292
28 325
28 329
28 335
28 341
28 354
28 361
28 378
28 396
28 405
28 411
28 424
28 425
28 431
28 450
28 460
28 464
28 477
28 488
28 513
28 540
28 541
28 543
28 570
28 610
28 611
28 630
28 638
28 640
28 680
28 739
28 782
28 785
28 786
28 788
29 49
29 62
29 99
29 108
30 31
30 33
30 36
30 37
30 38
30 45
30 47
30 48
30 49
30 50
30 56
30 61
30 62
30 67
30 71
30 72
30 73
30 76
30 83
30 87
30 89
30 94
30 95
30 97
30 99
30 104
30 108
30 123
30 124
30 131
30 133
30 146
30 150
30 157
30 160
30 164
30 171
30 177
30 181
30 186
30 190
30 201
30 206
30 210
30 215
30 216
30 217
30 244
30 255
30 272
30 289
30 292
30 318
30 335
30 362
30 368
30 369
30 396
30 436
30 437
30 477
30 491
30 502
30 503
30 504
30 563
30 578
30 619
30 653
30 703
30 729
31 32
31 33
31 36
31 37
31 38
31 39
31 41
31 45
31 47
31 48
31 49
31 50
31 54
31 55
31 56
31 61
31 62
31 65
31 67
31 68
31 70
31 72
31 73
31 74
31 76
31 78
31 80
31 83
31 84
31 85
31 87
31 89
31 93
31 94
31 95
31 97
31 98
31 99
31 101
31 102
31 103
31 108
31 110
31 111
31 118
31 123
31 124
31 127
31 128
31 133
31 141
31 145
31 146
31 149
31 150
31 152
31 153
31 164
31 167
31 171
31 172
31 177
31 178
31 179
31 180
31 181
31 185
31 190
31 193
31 194
31 208
31 210
31 217
31 218
31 220
31 249
31 250
31 262
31 282
31 289
31 291
31 292
31 304
31 309
31 312
31 318
31 320
31 322
31 324
31 347
31 348
31 349
31 350
31 357
31 382
31 384
31 401
31 403
31 458
31 463
31 464
31 471
31 508
31 517
31 545
31 572
31 593
31 594
31 595
31 607
31 638
31 657
31 666
31 714
31 785
31 786
32 35
32 36
32 45
32 47
32 48
32 54
32 56
32 57
32 58
32 62
32 65
32 67
32 69
32 72
32 73
32 79
32 83
32 87
32 89
32 95
32 97
32 99
32 100
32 103
32 106
32 113
32 118
32 123
32 128
32 130
32 133
32 141
32 149
32 150
32 152
32 155
32 157
32 159
32 161
32 171
32 172
32 177
32 186
32 193
32 194
32 210
32 224
32 227
32 233
32 244
32 245
32 246
32 247
32 251
32 260
32 261
32 272
32 280
32 289
32 329
32 344
32 351
32 376
32 396
32 443
32 446
32 448
32 479
32 508
32 520
32 547
32 585
32 688
32 692
32 766
33 34
33 38
33 45
33 47
33 48
33 49
33 50
33 54
33 56
33 58
33 62
33 65
33 68
33 71
33 72
33 73
33 80
33 83
33 85
33 87
33 89
33 97
33 99
33 100
33 103
33 105
33 107
33 108
33 113
33 123
33 138
33 142
33 146
33 147
33 149
33 150
33 151
33 152
33 154
33 157
33 160
33 162
33 167
33 171
33 177
33 180
33 181
33 184
33 189
33 190
33 191
33 194
33 204
33 210
33 217
33 220
33 229
33 230
33 244
33 262
33 264
33 292
33 304
33 318
33 328
33 336
33 337
33 355
33 366
33 390
33 403
33 418
33 419
33 453
33 469
33 472
33 480
33 481
33 499
33 516
33 520
33 523
33 574
33 579
33 605
33 710
33 713
33 726
34 65
34 557
35 36
35 48
35 62
35 80
35 87
35 103
35 150
35 152
35 157
35 193
35 290
35 314
35 446
35 472
35 609
35 660
35 661
36 38
36 45
36 48
36 50
36 54
36 55
36 56
36 60
36 62
36 67
36 69
36 72
36 73
36 74
36 78
36 80
36 85
36 95
36 97
36 99
36 100
36 103
36 108
36 114
36 118
36 123
36 133
36 145
36 146
36 148
36 150
36 151
36 154
36 159
36 164
36 166
36 171
36 174
36 179
36 180
36 184
36 194
36 208
36 216
36 230
36 260
36 268
36 279
36 289
36 335
36 341
36 357
36 410
36 432
36 433
36 448
36 471
36 517
36 520
36 538
36 556
36 577
36 629
36 789
36 790
37 38
37 39
37 47
37 48
37 49
37 55
37 56
37 60
37 65
37 67
37 71
37 72
37 78
37 90
37 91
37 93
37 94
37 95
37 97
37 99
37 114
37 123
37 133
37 140
37 149
37 150
37 164
37 168
37 169
37 170
37 171
37 177
37 178
37 193
37 208
37 225
37 241
37 244
37 272
37 274
37 304
37 321
37 355
37 361
37 377
37 378
37 411
37 450
37 505
37 507
37 523
37 528
37 534
37 563
37 699
37 719
38 39
38 45
38 48
38 49
38 50
38 54
38 55
38 56
38 57
38 58
38 59
38 60
38 61
38 62
38 65
38 67
38 69
38 71
38 72
38 73
38 74
38 76
38 79
38 83
38 84
38 89
38 95
38 97
38 99
38 100
38 107
38 108
38 110
38 114
38 116
38 118
38 123
38 124
38 127
38 130
38 131
38 133
38 140
38 141
38 146
38 149
38 150
38 152
38 159
38 164
38 167
38 168
38 171
38 177
38 178
38 181
38 183
38 186
38 189
38 190
38 191
38 194
38 222
38 237
38 240
38 244
38 250
38 260
38 262
38 264
38 265
38 274
38 289
38 291
38 297
38 302
38 318
38 321
38 327
38 333
38 357
38 361
38 363
38 370
38 371
38 394
38 398
38 400
38 404
38 405
38 418
38 431
38 448
38 468
38 493
38 494
38 522
38 546
38 591
38 592
38 624
38 673
38 680
38 716
38 717
38 730
38 731
38 753
38 755
38 777
39 40
39 41
39 42
39 43
39 45
39 47
39 48
39 49
39 51
39 54
39 57
39 58
39 62
39 65
39 67
39 69
39 71
39 72
39 73
39 78
39 83
39 84
39 86
39 88
39 89
39 92
39 95
39 97
39 99
39 101
39 106
39 107
39 108
39 109
39 110
39 113
39 120
39 123
39 124
39 128
39 130
39 133
39 137
39 139
39 140
39 141
39 144
39 146
39 147
39 148
39 149
39 150
39 152
39 155
39 157
39 159
39 168
39 171
39 172
39 175
39 176
39 177
39 179
39 180
39 188
39 191
39 193
39 194
39 199
39 201
39 210
39 263
39 265
39 274
39 278
39 288
39 291
39 292
39 301
39 303
39 309
39 314
39 321
39 322
39 337
39 355
39 357
39 364
39 370
39 375
39 431
39 454
39 455
39 457
39 471
39 477
39 479
39 480
39 490
39 499
39 516
39 542
39 544
39 549
39 570
39 614
39 615
39 622
39 623
39 680
39 694
39 695
39 723
39 743
39 753
39 767
40 41
40 42
41 42
41 56
41 101
41 103
43 50
43 54
43 58
43 83
43 84
43 89
43 91
43 95
43 107
43 171
43 172
43 177
43 179
43 193
43 208
43 224
43 265
43 274
43 361
43 431
43 555
43 680
44 48
44 54
44 55
44 56
44 65
44 66
44 67
44 71
44 72
44 73
44 80
44 83
44 85
44 87
44 90
44 97
44 108
44 113
44 123
44 150
44 151
44 152
44 154
44 166
44 180
44 193
44 194
44 201
44 220
44 232
44 240
44 262
44 265
44 274
44 375
44 412
44 436
44 566
45 46
45 47
45 48
45 49
45 50
45 51
45 54
45 56
45 59
45 62
45 71
45 72
45 73
45 76
45 78
45 80
45 83
45 85
45 87
45 89
45 92
45 93
45 94
45 97
45 98
45 99
45 100
45 103
45 108
45 113
45 114
45 118
45 123
45 133
45 137
45 141
45 142
45 146
45 148
45 149
45 150
45 152
45 157
45 164
45 166
45 171
45 172
45 177
45 180
45 193
45 194
45 208
45 210
45 212
45 217
45 224
45 231
45 232
45 240
45 241
45 242
45 243
45 262
45 270
45 273
45 274
45 289
45 291
45 292
45 302
45 318
45 320
45 340
45 353
45 368
45 369
45 378
45 407
45 411
45 438
45 440
45 447
45 448
45 478
45 493
45 494
45 508
45 545
45 556
45 624
45 661
45 667
45 718
45 728
45 732
45 742
46 88
46 108
46 146
46 151
46 271
46 272
47 48
47 49
47 50
47 51
47 56
47 65
47 67
47 72
47 76
47 77
47 78
47 89
47 92
47 95
47 97
47 99
47 100
47 103
47 108
47 113
47 118
47 123
47 127
47 138
47 139
47 141
47 146
47 149
47 150
47 152
47 157
47 164
47 168
47 171
47 172
47 177
47 179
47 186
47 193
47 194
47 201
47 203
47 240
47 241
47 242
47 243
47 244
47 255
47 273
47 285
47 289
47 291
47 304
47 309
47 318
47 322
47 344
47 354
47 364
47 385
47 390
47 405
47 436
47 437
47 448
47 479
47 499
47 521
47 547
47 590
47 657
47 688
47 714
47 729
47 776
47 781
48 49
48 50
48 51
48 56
48 61
48 62
48 65
48 67
48 71
48 72
48 73
48 74
48 76
48 78
48 89
48 92
48 97
48 101
48 103
48 113
48 123
48 124
48 127
48 130
48 133
48 137
48 141
48 144
48 146
48 149
48 152
48 159
48 164
48 166
48 167
48 168
48 171
48 172
48 175
48 176
48 177
48 179
48 189
48 191
48 193
48 210
48 220
48 221
48 225
48 237
48 255
48 257
48 260
48 262
48 263
48 270
48 278
48 288
48 291
48 292
48 301
48 304
48 309
48 318
48 321
48 322
48 326
48 345
48 349
48 361
48 370
48 405
48 411
48 446
48 456
48 464
48 507
48 520
48 527
48 606
48 663
48 664
48 767
48 776
49 50
49 51
49 54
49 55
49 56
49 57
49 59
49 61
49 62
49 65
49 67
49 69
49 71
49 72
49 73
49 74
49 75
49 76
49 78
49 83
49 85
49 86
49 87
49 88
49 89
49 92
49 95
49 96
49 98
49 99
49 103
49 107
49 108
49 111
49 113
49 118
49 123
49 124
49 125
49 126
49 127
49 128
49 131
49 133
49 141
49 144
49 146
49 149
49 150
49 152
49 157
49 164
49 167
49 171
49 172
49 176
49 177
49 185
49 190
49 193
49 194
49 202
49 203
49 208
49 210
49 212
49 217
49 218
49 220
49 225
49 226
49 239
49 240
49 255
49 262
49 274
49 278
49 289
49 292
49 303
49 304
49 307
49 308
49 310
49 314
49 328
49 336
49 370
49 372
49 378
49 379
49 385
49 388
49 389
49 400
49 403
49 411
49 413
49 431
49 453
49 480
49 483
49 484
49 495
49 496
49 507
49 512
49 513
49 528
49 544
49 548
49 568
49 590
49 640
49 644
49 645
49 663
49 664
49 681
49 682
49 705
49 711
49 712
49 716
49 717
49 724
49 740
49 782
49 784
49 794
50 51
50 56
50 57
50 58
50 65
50 67
50 68
50 72
50 78
50 79
50 83
50 84
50 85
50 89
50 95
50 97
50 100
50 101
50 103
50 107
50 108
50 111
50 112
50 123
50 133
50 141
50 149
50 150
50 151
50 152
50 154
50 164
50 167
50 171
50 177
50 179
50 182
50 191
50 193
50 201
50 204
50 220
50 221
50 225
50 228
50 237
50 238
50 250
50 278
50 292
50 303
50 320
50 322
50 334
50 336
50 358
50 361
50 374
50 405
50 410
50 461
50 463
50 480
50 481
50 499
50 520
50 530
50 577
50 579
50 616
50 624
50 626
50 685
51 56
51 57
51 59
51 65
51 67
51 72
51 87
51 108
51 141
51 149
51 152
51 172
51 291
51 532
51 783
52 53
52 58
52 61
52 65
52 88
52 89
52 97
52 99
52 108
52 143
52 149
52 150
52 152
52 220
52 258
52 291
52 292
52 329
52 390
52 522
52 668
54 55
54 56
54 57
54 58
54 59
54 62
54 63
54 65
54 67
54 69
54 71
54 72
54 73
54 76
54 78
54 80
54 83
54 85
54 87
54 88
54 97
54 99
54 106
54 108
54 110
54 111
54 113
54 116
54 123
54 124
54 128
54 130
54 132
54 133
54 141
54 144
54 146
54 149
54 150
54 151
54 152
54 154
54 156
54 157
54 164
54 166
54 167
54 171
54 172
54 177
54 178
54 179
54 181
54 184
54 190
54 191
54 194
54 210
54 220
54 224
54 225
54 237
54 250
54 263
54 264
54 274
54 279
54 297
54 314
54 318
54 324
54 328
54 329
54 370
54 386
54 394
54 398
54 411
54 418
54 419
54 440
54 443
54 450
54 457
54 458
54 477
54 478
54 489
54 506
54 507
54 510
54 601
54 629
54 644
54 645
54 646
54 647
54 666
54 676
54 691
54 694
54 695
54 698
54 699
54 702
54 726
54 755
54 785
54 786
55 56
55 58
55 62
55 65
55 67
55 69
55 71
55 72
55 73
55 74
55 78
55 80
55 83
55 85
55 87
55 89
55 92
55 97
55 99
55 101
55 103
55 107
55 108
55 123
55 130
55 133
55 141
55 147
55 150
55 151
55 152
55 154
55 157
55 163
55 164
55 166
55 167
55 171
55 177
55 179
55 180
55 185
55 186
55 187
55 193
55 194
55 201
55 202
55 216
55 225
55 237
55 240
55 241
55 244
55 250
55 278
55 282
55 283
55 289
55 304
55 318
55 341
55 355
55 358
55 366
55 378
55 383
55 386
55 390
55 400
55 405
55 409
55 410
55 413
55 472
55 473
55 497
55 498
55 526
55 535
55 548
55 564
55 640
55 683
56 57
56 58
56 59
56 62
56 65
56 67
56 71
56 72
56 74
56 78
56 80
56 83
56 85
56 88
56 89
56 90
56 91
56 95
56 96
56 97
56 101
56 103
56 104
56 107
56 108
56 111
56 113
56 116
56 117
56 118
56 123
56 124
56 125
56 126
56 127
56 128
56 133
56 138
56 141
56 146
56 149
56 150
56 152
56 154
56 157
56 162
56 163
56 164
56 166
56 167
56 171
56 172
56 177
56 179
56 181
56 186
56 189
56 193
56 194
56 201
56 210
56 217
56 224
56 225
56 229
56 230
56 237
56 240
56 262
56 263
56 269
56 270
56 274
56 278
56 288
56 292
56 297
56 303
56 304
56 312
56 315
56 316
56 317
56 320
56 322
56 327
56 329
56 337
56 349
56 350
56 390
56 391
56 420
56 426
56 431
56 436
56 449
56 452
56 464
56 468
56 483
56 489
56 499
56 505
56 520
56 535
56 602
56 605
56 620
56 621
56 653
56 686
56 693
56 701
56 783
56 785
56 786
56 789
56 790
57 58
57 62
57 65
57 67
57 69
57 72
57 74
57 76
57 79
57 80
57 85
57 87
57 88
57 97
57 113
57 116
57 128
57 146
57 149
57 152
57 155
57 157
57 161
57 164
57 177
57 179
57 181
57 184
57 192
57 193
57 208
57 210
57 220
57 227
57 231
57 240
57 262
57 270
57 274
57 289
57 320
57 322
57 361
57 376
57 403
57 411
57 486
57 518
57 519
57 532
57 569
57 570
57 603
57 604
57 784
57 800
58 60
58 62
58 65
58 72
58 76
58 78
58 89
58 92
58 95
58 99
58 100
58 108
58 113
58 123
58 131
58 149
58 154
58 159
58 177
58 180
58 193
58 194
58 220
58 224
58 250
58 264
58 282
58 291
58 292
58 379
58 382
58 446
58 448
58 526
58 749
59 60
59 61
59 67
59 87
59 108
59 141
59 149
59 158
59 172
59 173
59 174
59 177
59 250
59 274
60 61
60 65
60 72
60 97
60 99
60 100
60 108
60 127
60 133
60 152
60 159
60 178
60 264
60 361
60 448
60 456
60 528
60 545
60 661
60 754
61 62
61 74
61 83
61 89
61 93
61 94
61 95
61 99
61 108
61 124
61 141
61 152
61 157
61 164
61 177
61 179
61 186
61 193
61 194
61 249
61 258
61 265
61 274
61 289
61 291
61 292
61 362
61 388
61 389
61 464
61 591
61 592
61 680
62 63
62 64
62 65
62 67
62 69
62 72
62 73
62 74
62 76
62 78
62 79
62 83
62 84
62 85
62 87
62 88
62 89
62 90
62 91
62 97
62 99
62 100
62 101
62 103
62 106
62 107
62 109
62 110
62 112
62 116
62 118
62 123
62 130
62 131
62 132
62 133
62 137
62 141
62 146
62 149
62 150
62 152
62 155
62 164
62 171
62 177
62 178
62 179
62 180
62 181
62 191
62 193
62 194
62 201
62 206
62 210
62 217
62 231
62 237
62 258
62 259
62 262
62 264
62 269
62 278
62 279
62 289
62 300
62 304
62 312
62 317
62 318
62 320
62 322
62 329
62 335
62 370
62 403
62 404
62 405
62 411
62 428
62 431
62 439
62 457
62 464
62 477
62 483
62 490
62 524
62 547
62 548
62 595
62 600
62 646
62 647
62 656
62 660
62 661
62 692
62 716
62 717
62 722
62 800
63 64
63 99
63 168
64 97
64 99
64 107
64 123
64 250
64 292
64 357
64 773
65 66
65 67
65 69
65 70
65 71
65 72
65 73
65 74
65 76
65 78
65 79
65 80
65 82
65 83
65 85
65 86
65 87
65 89
65 94
65 97
65 99
65 100
65 101
65 103
65 108
65 111
65 112
65 113
65 118
65 123
65 127
65 128
65 133
65 141
65 143
65 145
65 146
65 149
65 150
65 151
65 152
65 157
65 159
65 167
65 168
65 171
65 177
65 178
65 179
65 186
65 189
65 190
65 193
65 198
65 199
65 217
65 220
65 225
65 233
65 237
65 239
65 240
65 250
65 258
65 259
65 260
65 261
65 264
65 276
65 277
65 278
65 289
65 291
65 292
65 318
65 320
65 341
65 345
65 358
65 361
65 376
65 382
65 403
65 405
65 411
65 420
65 450
65 503
65 513
65 516
65 544
65 545
65 557
65 572
65 593
65 594
65 625
65 633
65 683
65 710
65 744
65 749
65 776
66 67
67 69
67 71
67 72
67 74
67 76
67 78
67 80
67 85
67 87
67 88
67 89
67 94
67 97
67 99
67 100
67 101
67 103
67 104
67 106
67 107
67 108
67 110
67 111
67 114
67 118
67 123
67 129
67 130
67 131
67 133
67 139
67 141
67 143
67 146
67 147
67 149
67 150
67 152
67 157
67 159
67 164
67 166
67 171
67 172
67 174
67 177
67 179
67 181
67 190
67 193
67 194
67 198
67 199
67 200
67 201
67 202
67 203
67 208
67 210
67 216
67 218
67 220
67 225
67 231
67 235
67 236
67 237
67 239
67 244
67 260
67 261
67 262
67 263
67 264
67 270
67 272
67 274
67 281
67 288
67 289
67 291
67 292
67 300
67 303
67 307
67 321
67 322
67 323
67 324
67 329
67 330
67 339
67 355
67 371
67 390
67 412
67 463
67 505
67 560
67 583
67 584
67 597
67 598
67 614
67 615
67 620
67 621
67 666
67 678
67 689
67 701
67 753
67 761
68 69
68 70
68 71
68 89
68 127
68 133
68 164
68 177
68 194
68 195
68 197
68 204
68 217
68 220
68 237
68 291
68 508
68 720
68 721
69 70
69 71
69 72
69 85
69 87
69 89
69 91
69 97
69 99
69 101
69 106
69 111
69 113
69 116
69 123
69 133
69 136
69 141
69 146
69 149
69 152
69 171
69 177
69 179
69 190
69 191
69 194
69 198
69 199
69 200
69 208
69 210
69 220
69 262
69 274
69 297
69 320
69 378
69 431
69 448
69 482
69 516
69 537
69 640
69 656
69 730
69 731
70 71
70 100
70 123
70 177
70 184
70 324
70 382
70 442
70 545
70 572
71 72
71 73
71 80
71 83
71 85
71 87
71 97
71 101
71 105
71 108
71 111
71 113
71 123
71 130
71 133
71 141
71 146
71 157
71 164
71 166
71 168
71 172
71 177
71 180
71 186
71 193
71 212
71 225
71 262
71 273
71 274
71 292
71 315
71 316
71 328
71 330
71 355
71 375
71 376
71 408
71 418
71 578
71 627
71 667
71 767
72 73
72 76
72 78
72 80
72 83
72 85
72 87
72 88
72 89
72 90
72 94
72 95
72 97
72 98
72 99
72 100
72 101
72 103
72 104
72 106
72 107
72 108
72 111
72 113
72 116
72 117
72 118
72 123
72 124
72 125
72 126
72 127
72 128
72 130
72 131
72 133
72 141
72 145
72 146
72 149
72 150
72 152
72 154
72 155
72 157
72 164
72 171
72 172
72 174
72 177
72 179
72 180
72 182
72 184
72 185
72 186
72 187
72 188
72 189
72 190
72 193
72 194
72 196
72 197
72 201
72 203
72 208
72 210
72 220
72 221
72 227
72 237
72 240
72 255
72 258
72 259
72 262
72 264
72 266
72 272
72 274
72 278
72 318
72 320
72 321
72 336
72 345
72 355
72 356
72 376
72 378
72 391
72 396
72 398
72 401
72 418
72 419
72 420
72 431
72 440
72 450
72 456
72 457
72 477
72 478
72 480
72 514
72 520
72 526
72 533
72 540
72 541
72 547
72 556
72 566
72 578
72 583
72 590
72 612
72 622
72 623
72 672
72 689
72 704
72 755
72 766
72 783
72 791
72 792
72 793
73 74
73 75
73 76
73 78
73 79
73 80
73 83
73 84
73 87
73 88
73 89
73 92
73 93
73 97
73 99
73 101
73 103
73 107
73 108
73 111
73 113
73 118
73 119
73 120
73 127
73 128
73 130
73 137
73 138
73 139
73 140
73 141
73 146
73 149
73 150
73 152
73 154
73 164
73 167
73 169
73 171
73 177
73 178
73 179
73 191
73 193
73 194
73 195
73 208
73 210
73 217
73 225
73 231
73 240
73 249
73 262
73 274
73 278
73 292
73 304
73 318
73 331
73 347
73 348
73 361
73 367
73 368
73 369
73 402
73 412
73 425
73 453
73 477
73 497
73 498
73 501
73 545
73 585
73 624
73 632
73 692
73 694
73 695
73 726
73 735
73 774
74 75
74 76
74 78
74 88
74 89
74 93
74 94
74 95
74 97
74 103
74 113
74 128
74 130
74 133
74 147
74 154
74 174
74 177
74 186
74 194
74 220
74 237
74 240
74 260
74 265
74 279
74 284
74 289
74 341
74 365
74 443
74 569
74 570
74 591
74 592
74 683
74 738
75 76
76 78
76 87
76 92
76 97
76 99
76 116
76 127
76 135
76 136
76 141
76 146
76 160
76 164
76 171
76 177
76 179
76 194
76 217
76 231
76 240
76 273
76 309
76 318
76 320
76 400
76 403
76 411
76 438
76 448
76 450
76 451
76 593
76 594
76 624
76 633
76 657
76 666
76 703
76 714
76 774
76 784
77 78
77 79
78 79
78 83
78 85
78 89
78 93
78 95
78 96
78 99
78 101
78 103
78 107
78 108
78 111
78 112
78 118
78 123
78 127
78 128
78 130
78 131
78 132
78 133
78 141
78 146
78 148
78 149
78 152
78 154
78 160
78 161
78 164
78 166
78 167
78 168
78 169
78 170
78 171
78 172
78 177
78 179
78 188
78 194
78 196
78 210
78 217
78 218
78 231
78 237
78 239
78 247
78 262
78 264
78 266
78 267
78 269
78 278
78 292
78 297
78 303
78 306
78 314
78 322
78 323
78 324
78 329
78 335
78 341
78 358
78 361
78 365
78 370
78 392
78 393
78 405
78 411
78 450
78 530
78 557
78 624
78 681
78 682
78 711
78 712
78 732
78 740
78 765
78 774
79 85
79 87
79 97
79 99
79 100
79 101
79 128
79 141
79 149
79 150
79 151
79 152
79 164
79 168
79 172
79 177
79 250
79 306
79 358
79 414
79 425
79 692
80 81
80 83
80 84
80 94
80 97
80 98
80 99
80 103
80 108
80 140
80 144
80 146
80 154
80 157
80 164
80 177
80 179
80 220
80 347
80 348
80 361
80 511
80 605
80 706
80 707
81 165
81 166
83 84
83 87
83 88
83 89
83 93
83 95
83 97
83 99
83 108
83 111
83 123
83 128
83 133
83 141
83 145
83 146
83 150
83 152
83 153
83 157
83 163
83 164
83 166
83 167
83 168
83 171
83 172
83 177
83 178
83 179
83 180
83 191
83 193
83 199
83 201
83 208
83 212
83 217
83 218
83 220
83 221
83 229
83 240
83 241
83 254
83 255
83 257
83 262
83 272
83 274
83 289
83 291
83 292
83 304
83 309
83 319
83 320
83 321
83 328
83 329
83 337
83 341
83 398
83 408
83 440
83 453
83 468
83 469
83 495
83 496
83 576
83 599
83 613
83 667
83 756
83 777
84 87
84 88
84 92
84 100
84 101
84 109
84 123
84 146
84 149
84 150
84 152
84 154
84 188
84 210
84 256
84 302
84 347
84 348
84 385
84 443
84 483
84 515
84 595
85 86
85 87
85 88
85 90
85 97
85 99
85 105
85 108
85 113
85 118
85 122
85 123
85 130
85 139
85 143
85 144
85 149
85 150
85 151
85 152
85 155
85 164
85 172
85 176
85 177
85 179
85 180
85 193
85 208
85 210
85 237
85 250
85 274
85 289
85 328
85 358
85 411
85 436
85 477
85 533
85 556
85 564
85 711
85 712
85 800
86 87
86 88
86 128
86 307
86 370
86 723
87 88
87 89
87 92
87 97
87 99
87 100
87 101
87 103
87 108
87 109
87 111
87 116
87 118
87 128
87 131
87 134
87 146
87 149
87 150
87 152
87 154
87 157
87 160
87 164
87 171
87 175
87 177
87 179
87 185
87 186
87 194
87 201
87 202
87 210
87 217
87 218
87 221
87 240
87 250
87 262
87 264
87 273
87 274
87 289
87 292
87 310
87 314
87 321
87 322
87 329
87 332
87 333
87 339
87 340
87 352
87 355
87 356
87 366
87 387
87 390
87 396
87 400
87 403
87 405
87 413
87 421
87 443
87 448
87 459
87 472
87 477
87 499
87 532
87 566
87 578
87 595
87 605
87 642
87 643
88 89
88 90
88 92
88 94
88 99
88 101
88 103
88 107
88 108
88 111
88 113
88 123
88 141
88 146
88 149
88 151
88 152
88 154
88 157
88 164
88 167
88 171
88 177
88 179
88 183
88 184
88 188
88 201
88 210
88 220
88 265
88 270
88 271
88 272
88 279
88 289
88 297
88 312
88 318
88 329
88 402
88 425
88 431
88 464
88 466
88 467
88 469
88 477
88 492
88 512
88 543
88 620
88 621
88 668
88 762
88 779
88 798
89 93
89 94
89 95
89 96
89 97
89 99
89 100
89 101
89 103
89 108
89 109
89 111
89 113
89 114
89 118
89 123
89 133
89 137
89 141
89 144
89 146
89 149
89 150
89 151
89 152
89 154
89 155
89 157
89 159
89 164
89 167
89 168
89 171
89 175
89 177
89 179
89 181
89 182
89 186
89 189
89 193
89 194
89 200
89 201
89 202
89 203
89 204
89 208
89 217
89 221
89 225
89 230
89 244
89 249
89 250
89 274
89 278
89 282
89 284
89 289
89 291
89 292
89 295
89 302
89 304
89 309
89 310
89 312
89 317
89 318
89 321
89 322
89 327
89 328
89 329
89 355
89 358
89 359
89 360
89 361
89 384
89 399
89 430
89 440
89 443
89 444
89 447
89 464
89 475
89 493
89 494
89 499
89 502
89 503
89 504
89 508
89 516
89 528
89 531
89 549
89 556
89 568
89 585
89 586
89 587
89 595
89 641
89 648
89 654
89 668
89 685
89 710
89 730
89 731
89 738
89 749
89 752
90 91
90 107
90 113
90 155
90 193
90 201
90 431
90 436
90 582
90 583
90 764
91 99
91 106
91 107
91 127
91 131
91 152
91 158
91 171
91 172
91 179
91 210
91 308
91 423
92 95
92 97
92 99
92 100
92 133
92 139
92 146
92 150
92 154
92 167
92 176
92 177
92 193
92 250
92 255
92 265
92 273
92 282
92 289
92 302
92 312
92 417
92 448
92 663
92 664
92 748
92 762
93 94
93 95
93 103
93 108
93 127
93 149
93 167
93 168
93 169
93 170
93 193
93 262
93 270
93 440
93 568
93 752
94 95
94 97
94 98
94 99
94 103
94 104
94 146
94 177
94 179
94 208
94 272
94 376
94 425
94 469
94 492
95 97
95 99
95 108
95 113
95 123
95 124
95 125
95 126
95 127
95 128
95 130
95 143
95 146
95 152
95 164
95 167
95 171
95 177
95 179
95 183
95 184
95 191
95 193
95 210
95 217
95 229
95 240
95 251
95 272
95 284
95 289
95 292
95 309
95 321
95 333
95 378
95 379
95 450
95 455
95 523
95 557
95 563
95 576
95 585
95 705
95 743
95 777
96 152
96 160
96 161
96 166
96 237
97 98
97 99
97 100
97 101
97 103
97 107
97 109
97 110
97 111
97 112
97 113
97 114
97 116
97 118
97 123
97 130
97 131
97 133
97 135
97 136
97 138
97 141
97 146
97 149
97 152
97 155
97 159
97 164
97 166
97 167
97 168
97 171
97 172
97 174
97 177
97 179
97 181
97 183
97 186
97 189
97 191
97 193
97 194
97 195
97 198
97 199
97 208
97 210
97 212
97 220
97 221
97 224
97 225
97 230
97 240
97 250
97 256
97 262
97 273
97 274
97 278
97 287
97 291
97 292
97 297
97 304
97 312
97 318
97 320
97 324
97 327
97 333
97 335
97 336
97 344
97 349
97 350
97 357
97 361
97 363
97 371
97 375
97 381
97 386
97 390
97 397
97 403
97 426
97 427
97 445
97 448
97 477
97 479
97 484
97 490
97 516
97 520
97 522
97 535
97 539
97 573
97 578
97 586
97 587
97 641
97 667
97 684
97 688
97 701
97 719
97 725
97 730
97 731
97 736
97 773
97 795
98 99
98 324
98 403
99 100
99 101
99 103
99 107
99 108
99 118
99 123
99 125
99 127
99 128
99 130
99 131
99 133
99 139
99 141
99 146
99 149
99 150
99 151
99 152
99 157
99 159
99 164
99 168
99 171
99 177
99 178
99 179
99 180
99 186
99 194
99 208
99 210
99 217
99 218
99 220
99 222
99 224
99 237
99 244
99 250
99 251
99 265
99 272
99 273
99 274
99 278
99 282
99 288
99 289
99 291
99 292
99 303
99 308
99 312
99 318
99 321
99 329
99 335
99 361
99 362
99 364
99 373
99 378
99 379
99 385
99 407
99 408
99 412
99 431
99 436
99 437
99 438
99 453
99 456
99 458
99 459
99 464
99 477
99 482
99 485
99 528
99 545
99 547
99 557
99 574
99 580
99 584
99 614
99 615
99 640
99 679
99 680
99 687
99 692
99 713
99 726
99 753
99 762
99 773
99 798
100 101
100 103
100 107
100 108
100 113
100 122
100 123
100 127
100 138
100 141
100 143
100 145
100 146
100 149
100 150
100 152
100 157
100 161
100 164
100 167
100 178
100 179
100 194
100 201
100 210
100 224
100 230
100 237
100 273
100 274
100 289
100 291
100 304
100 318
100 346
100 390
100 417
100 442
100 453
100 456
100 478
100 516
100 641
100 661
100 697
100 710
100 749
100 754
101 103
101 108
101 111
101 113
101 116
101 117
101 118
101 141
101 146
101 149
101 150
101 151
101 157
101 164
101 169
101 179
101 188
101 194
101 196
101 216
101 217
101 224
101 273
101 312
101 349
101 350
101 376
101 405
101 445
101 579
101 595
101 618
101 690
102 103
103 107
103 108
103 111
103 112
103 115
103 123
103 146
103 149
103 152
103 157
103 164
103 166
103 177
103 179
103 180
103 193
103 194
103 201
103 217
103 218
103 224
103 231
103 237
103 240
103 262
103 264
103 270
103 273
103 274
103 291
103 292
103 300
103 314
103 318
103 376
103 384
103 405
103 448
103 472
103 535
103 539
103 548
103 556
103 561
103 579
103 602
103 605
104 107
104 123
104 149
104 152
104 164
104 177
104 240
104 468
104 583
104 689
106 150
106 152
106 177
106 194
106 210
106 376
106 396
106 520
106 646
106 647
106 766
107 108
107 109
107 123
107 149
107 151
107 152
107 163
107 164
107 172
107 179
107 181
107 186
107 201
107 237
107 336
107 390
107 398
107 431
107 468
107 480
107 540
107 541
107 548
107 598
107 662
107 665
107 680
107 753
108 111
108 118
108 123
108 127
108 129
108 133
108 140
108 141
108 146
108 149
108 150
108 151
108 152
108 154
108 157
108 159
108 164
108 167
108 168
108 171
108 177
108 179
108 182
108 184
108 186
108 190
108 191
108 193
108 194
108 208
108 210
108 215
108 216
108 220
108 222
108 225
108 237
108 239
108 244
108 250
108 257
108 264
108 271
108 272
108 273
108 274
108 279
108 284
108 289
108 292
108 329
108 334
108 362
108 366
108 385
108 390
108 418
108 419
108 450
108 471
108 497
108 498
108 510
108 547
108 556
108 568
108 571
108 579
108 648
108 661
108 668
108 685
108 726
108 740
108 754
108 782
108 801
108 802
109 110
109 118
109 141
109 177
109 292
109 411
109 490
109 531
109 595
109 665
110 127
110 133
110 167
110 177
110 181
110 200
110 210
110 220
110 250
110 361
110 370
110 470
110 490
111 123
111 131
111 157
111 167
111 190
111 210
111 220
111 225
111 235
111 236
111 237
111 262
111 289
111 292
111 308
111 367
111 411
111 506
111 507
111 520
111 579
111 653
111 771
112 113
112 114
112 115
112 123
112 133
112 164
112 166
112 217
112 361
113 114
113 115
113 118
113 127
113 130
113 133
113 136
113 141
113 146
113 147
113 150
113 151
113 152
113 154
113 171
113 179
113 193
113 201
113 208
113 224
113 233
113 249
113 262
113 274
113 289
113 318
113 331
113 338
113 379
113 403
113 426
113 436
113 446
113 447
113 499
113 508
113 516
113 618
113 686
113 698
113 699
113 705
113 710
113 742
113 776
114 115
114 123
114 140
114 178
114 282
114 321
115 274
116 117
116 146
116 161
116 164
116 177
116 181
116 193
116 194
116 217
116 274
116 297
116 376
116 411
116 605
118 119
118 120
118 146
118 149
118 152
118 164
118 175
118 188
118 208
118 217
118 233
118 237
118 289
118 312
118 411
118 450
118 520
118 556
118 595
119 120
119 133
120 140
120 141
121 122
121 123
122 123
122 141
122 177
123 127
123 130
123 131
123 133
123 139
123 140
123 142
123 143
123 144
123 146
123 147
123 148
123 149
123 150
123 152
123 153
123 154
123 155
123 157
123 161
123 164
123 166
123 171
123 175
123 177
123 178
123 179
123 180
123 181
123 185
123 186
123 187
123 191
123 193
123 194
123 200
123 210
123 217
123 218
123 226
123 229
123 235
123 236
123 237
123 240
123 241
123 242
123 243
123 250
123 274
123 278
123 283
123 289
123 291
123 301
123 306
123 314
123 321
123 328
123 329
123 335
123 344
123 345
123 349
123 353
123 357
123 382
123 384
123 403
123 404
123 424
123 425
123 429
123 440
123 444
123 471
123 472
123 500
123 508
123 517
123 535
123 545
123 572
123 579
123 581
123 584
123 619
123 672
123 722
123 726
123 782
124 125
124 126
124 127
124 128
124 149
124 152
124 193
124 194
124 249
124 255
124 401
124 680
125 126
125 127
125 128
126 127
126 128
127 128
127 144
127 149
127 164
127 167
127 171
127 177
127 193
127 210
127 217
127 219
127 231
127 237
127 250
127 262
127 291
127 292
127 308
127 321
127 331
127 403
127 461
127 508
127 606
127 624
127 661
127 754
127 774
127 776
127 778
127 794
128 146
128 150
128 152
128 153
128 164
128 172
128 177
128 179
128 194
128 210
128 217
128 218
128 224
128 240
128 241
128 248
128 249
128 267
128 282
128 292
128 329
128 370
128 449
128 458
128 459
128 464
128 514
128 569
128 570
128 723
130 131
130 132
130 133
130 141
130 146
130 147
130 149
130 152
130 159
130 164
130 167
130 171
130 177
130 180
130 191
130 193
130 194
130 208
130 210
130 217
130 237
130 239
130 240
130 275
130 289
130 292
130 321
130 322
130 355
130 370
130 533
130 670
130 671
130 743
131 132
131 133
131 158
131 164
131 171
131 172
131 182
131 190
131 210
131 221
131 235
131 236
131 237
131 272
131 322
131 329
131 370
131 379
131 392
131 393
131 396
131 716
131 717
132 133
132 177
132 318
132 457
132 458
133 138
133 139
133 140
133 141
133 145
133 146
133 151
133 152
133 153
133 157
133 158
133 163
133 164
133 166
133 167
133 168
133 171
133 174
133 177
133 179
133 180
133 193
133 194
133 200
133 201
133 210
133 217
133 224
133 229
133 240
133 254
133 260
133 262
133 265
133 272
133 273
133 274
133 277
133 278
133 289
133 291
133 292
133 302
133 303
133 314
133 320
133 321
133 325
133 328
133 361
133 370
133 378
133 386
133 414
133 431
133 443
133 450
133 468
133 470
133 493
133 494
133 508
133 528
133 549
133 560
133 612
133 627
133 640
133 679
133 691
133 748
133 750
133 777
133 797
135 136
136 146
136 150
136 309
136 411
136 707
137 138
137 139
137 140
137 317
137 318
137 326
138 139
138 140
138 143
138 147
138 153
138 180
138 278
138 499
138 596
139 140
139 143
139 144
139 150
139 155
139 157
139 193
139 255
139 288
139 321
139 338
139 614
139 615
139 679
140 154
140 178
140 193
140 292
140 321
140 511
141 142
141 143
141 146
141 147
141 149
141 150
141 152
141 154
141 157
141 159
141 164
141 167
141 171
141 172
141 177
141 180
141 191
141 193
141 201
141 207
141 208
141 209
141 220
141 222
141 223
141 225
141 226
141 234
141 249
141 255
141 264
141 270
141 274
141 285
141 291
141 292
141 303
141 304
141 310
141 320
141 322
141 335
141 336
141 361
141 398
141 402
141 479
141 480
141 509
141 510
141 513
141 530
141 531
141 543
141 547
141 617
141 620
141 621
141 657
141 666
141 674
141 702
141 714
141 755
141 769
142 143
142 158
142 193
142 328
142 472
143 144
143 150
143 155
143 210
143 217
143 239
143 450
144 155
144 278
144 301
144 430
144 644
144 645
145 153
145 164
146 147
146 148
146 149
146 150
146 151
146 152
146 153
146 154
146 157
146 163
146 164
146 172
146 177
146 179
146 181
146 186
146 189
146 190
146 191
146 194
146 208
146 210
146 216
146 217
146 218
146 220
146 237
146 240
146 248
146 254
146 262
146 264
146 265
146 271
146 272
146 274
146 278
146 288
146 289
146 292
146 309
146 312
146 318
146 322
146 327
146 328
146 361
146 376
146 390
146 404
146 405
146 406
146 407
146 411
146 412
146 431
146 436
146 437
146 443
146 495
146 496
146 499
146 520
146 522
146 527
146 595
146 603
146 604
146 631
146 697
146 704
146 707
146 762
146 784
146 799
147 148
147 151
147 153
147 186
147 208
147 240
147 258
147 321
147 383
147 385
147 596
147 597
147 598
148 292
148 335
148 341
148 661
148 728
149 152
149 163
149 164
149 167
149 171
149 177
149 180
149 181
149 186
149 188
149 190
149 193
149 194
149 210
149 220
149 226
149 231
149 237
149 239
149 240
149 262
149 268
149 269
149 289
149 291
149 292
149 320
149 337
149 349
149 390
149 398
149 401
149 404
149 405
149 411
149 417
149 444
149 471
149 533
149 535
149 536
149 568
149 655
149 677
149 692
149 711
149 712
149 752
149 755
150 151
150 152
150 154
150 157
150 159
150 164
150 168
150 171
150 177
150 179
150 181
150 185
150 186
150 187
150 190
150 193
150 194
150 201
150 208
150 210
150 216
150 220
150 221
150 225
150 230
150 234
150 240
150 244
150 245
150 246
150 247
150 250
150 255
150 256
150 264
150 268
150 274
150 286
150 290
150 329
150 357
150 358
150 374
150 385
150 411
150 426
150 434
150 435
150 443
150 474
150 483
150 499
150 505
150 508
150 515
150 543
150 566
150 686
150 690
150 707
151 157
151 164
151 167
151 171
151 177
151 194
151 201
151 206
151 220
151 229
151 250
151 265
151 271
151 272
151 289
151 321
151 358
151 383
151 629
151 680
151 698
151 699
152 153
152 154
152 155
152 157
152 159
152 161
152 162
152 164
152 166
152 167
152 172
152 177
152 179
152 181
152 183
152 193
152 201
152 207
152 208
152 209
152 210
152 217
152 225
152 231
152 237
152 240
152 249
152 256
152 258
152 264
152 274
152 278
152 282
152 284
152 289
152 291
152 302
152 318
152 321
152 333
152 335
152 366
152 376
152 385
152 396
152 403
152 404
152 412
152 414
152 431
152 440
152 443
152 448
152 465
152 493
152 494
152 515
152 520
152 535
152 536
152 545
152 566
152 585
152 596
152 598
152 600
152 609
152 639
152 640
152 722
152 726
152 766
152 800
153 154
153 164
153 220
153 248
153 596
154 160
154 167
154 171
154 179
154 184
154 194
154 207
154 208
154 209
154 217
154 220
154 240
154 250
154 279
154 282
154 292
154 365
154 366
154 390
154 403
154 441
154 556
154 566
154 706
154 707
154 715
155 157
155 159
155 227
155 582
155 583
155 800
156 157
157 164
157 167
157 168
157 171
157 176
157 177
157 180
157 186
157 193
157 194
157 197
157 205
157 210
157 217
157 224
157 225
157 227
157 249
157 270
157 273
157 278
157 288
157 291
157 292
157 308
157 329
157 361
157 372
157 440
157 443
157 455
157 461
157 462
157 478
157 486
157 547
157 609
157 614
157 615
158 171
158 217
158 328
159 177
159 225
159 234
159 260
159 261
159 264
159 289
159 317
159 399
159 448
159 543
159 596
160 161
160 366
160 390
160 403
160 703
161 181
161 193
161 211
161 217
161 240
161 376
162 179
162 201
162 229
162 230
162 264
162 796
163 237
163 254
163 272
163 297
163 312
163 691
163 718
163 747
163 780
164 171
164 172
164 177
164 178
164 179
164 180
164 182
164 186
164 191
164 194
164 197
164 205
164 208
164 210
164 221
164 237
164 240
164 241
164 242
164 243
164 249
164 262
164 270
164 287
164 292
164 303
164 304
164 306
164 312
164 318
164 323
164 324
164 357
164 361
164 371
164 386
164 403
164 411
164 414
164 418
164 425
164 432
164 433
164 445
164 450
164 453
164 466
164 467
164 483
164 497
164 498
164 514
164 523
164 530
164 556
164 563
164 583
164 585
164 606
164 639
164 640
164 687
164 689
164 691
164 720
164 721
164 757
164 758
164 779
164 788
165 166
166 179
166 193
166 201
166 212
166 237
166 667
167 171
167 177
167 179
167 182
167 186
167 193
167 194
167 195
167 220
167 225
167 229
167 250
167 278
167 292
167 304
167 307
167 321
167 322
167 324
167 358
167 453
167 520
167 539
167 568
167 685
167 726
167 752
168 169
168 170
168 177
168 193
168 194
168 375
168 405
169 170
171 177
171 179
171 181
171 182
171 190
171 193
171 194
171 196
171 210
171 217
171 220
171 226
171 230
171 231
171 237
171 239
171 251
171 255
171 264
171 272
171 274
171 280
171 289
171 292
171 303
171 310
171 318
171 322
171 323
171 324
171 335
171 337
171 386
171 418
171 419
171 477
171 502
171 503
171 504
171 513
171 516
171 606
171 624
171 669
171 678
171 698
171 699
171 701
171 774
171 775
171 781
171 795
172 173
172 174
172 177
172 179
172 180
172 203
172 240
172 264
172 274
172 291
172 306
172 328
172 329
172 392
172 393
172 425
172 514
172 555
172 558
172 559
172 590
173 174
174 189
174 194
174 260
174 262
174 289
174 426
174 427
174 791
174 792
174 793
175 226
175 263
175 767
176 177
176 292
176 311
176 663
176 664
177 179
177 180
177 182
177 183
177 184
177 186
177 191
177 193
177 194
177 201
177 208
177 210
177 211
177 212
177 213
177 214
177 217
177 218
177 220
177 221
177 224
177 237
177 238
177 240
177 250
177 260
177 261
177 272
177 289
177 291
177 292
177 295
177 299
177 306
177 318
177 320
177 361
177 370
177 405
177 411
177 412
177 425
177 431
177 440
177 444
177 450
177 457
177 458
177 459
177 472
177 473
177 477
177 490
177 500
177 508
177 516
177 523
177 539
177 563
177 564
177 565
177 579
177 593
177 594
177 631
177 646
177 647
177 656
177 711
177 712
177 729
177 767
178 179
178 225
178 289
178 321
178 456
179 181
179 182
179 193
179 194
179 201
179 217
179 218
179 221
179 237
179 266
179 274
179 291
179 298
179 321
179 322
179 392
179 405
179 425
179 448
179 453
179 454
179 455
179 459
179 469
179 471
179 477
179 492
179 516
179 555
179 562
179 612
179 631
179 633
179 685
179 696
179 796
180 194
180 210
180 220
180 309
180 342
180 343
180 405
180 440
180 479
180 480
180 483
180 533
180 574
180 657
180 686
180 759
181 182
181 193
181 210
181 220
181 231
181 233
181 251
181 252
181 274
181 278
181 289
181 317
181 376
181 390
181 502
181 503
181 504
181 522
181 535
181 536
182 221
182 685
183 184
183 333
184 279
184 324
184 378
185 186
185 187
186 187
186 194
186 210
186 217
186 220
186 240
186 244
186 245
186 246
186 247
186 258
186 289
186 292
186 310
186 321
186 337
186 355
186 362
186 461
186 462
186 483
186 552
186 567
186 673
186 693
186 725
186 736
188 237
188 450
189 220
189 237
189 262
189 327
189 503
189 791
189 792
189 793
190 194
190 210
190 239
190 262
190 272
190 307
190 396
190 411
190 506
190 507
190 602
190 680
190 745
190 746
190 747
191 292
191 431
191 469
191 579
191 743
192 193
193 194
193 195
193 196
193 201
193 208
193 226
193 237
193 240
193 241
193 255
193 273
193 274
193 289
193 291
193 292
193 310
193 315
193 316
193 335
193 349
193 351
193 355
193 376
193 391
193 403
193 404
193 429
193 436
193 448
193 513
193 529
193 564
193 585
193 627
193 660
193 661
193 722
193 781
193 794
194 195
194 197
194 201
194 210
194 217
194 220
194 224
194 230
194 237
194 241
194 249
194 262
194 273
194 274
194 291
194 296
194 304
194 310
194 321
194 357
194 365
194 396
194 401
194 405
194 411
194 424
194 425
194 426
194 427
194 471
194 488
194 517
194 545
194 554
194 574
194 641
194 656
194 720
194 721
194 782
195 217
195 220
196 197
196 289
196 529
197 237
197 720
197 721
198 199
199 337
200 201
200 202
200 203
200 361
200 370
200 470
201 202
201 203
201 206
201 220
201 273
201 274
201 303
201 318
201 320
201 354
201 359
201 360
201 431
201 499
201 549
201 796
202 203
202 217
202 292
202 400
202 413
202 733
202 734
203 590
206 297
207 208
207 209
208 209
208 220
208 239
208 246
208 272
208 274
208 289
208 320
208 328
208 361
208 403
208 434
208 435
208 495
208 496
208 556
210 217
210 220
210 235
210 236
210 237
210 239
210 240
210 244
210 245
210 246
210 247
210 274
210 289
210 292
210 308
210 332
210 342
210 343
210 368
210 369
210 380
210 396
210 405
210 431
210 440
210 455
210 457
210 476
210 477
210 527
210 547
210 551
210 560
210 632
210 656
210 740
211 212
211 213
211 214
212 213
212 214
212 667
213 214
215 216
216 690
217 218
217 220
217 231
217 267
217 292
217 309
217 312
217 328
217 461
217 462
217 545
217 595
217 624
217 670
217 671
217 733
217 734
217 774
218 291
218 459
220 221
220 225
220 237
220 257
220 274
220 289
220 291
220 292
220 320
220 476
220 482
220 503
220 510
220 520
220 543
220 706
220 707
220 801
220 802
221 374
222 408
224 273
224 320
224 449
224 508
224 718
225 240
225 292
225 304
225 312
225 317
225 366
225 399
225 411
225 507
225 520
226 255
226 274
226 281
226 282
226 310
226 513
226 655
229 230
229 321
229 599
230 291
230 304
230 641
231 232
231 264
231 300
231 411
231 535
231 536
231 624
231 774
232 274
232 588
232 589
233 234
233 289
234 543
235 236
235 237
236 237
237 244
237 260
237 262
237 264
237 289
237 297
237 392
237 450
237 457
237 503
237 547
237 564
237 629
237 720
237 721
238 239
239 355
239 403
239 450
239 499
239 681
239 682
240 241
240 242
240 243
240 309
240 468
240 535
240 566
240 576
240 760
240 777
240 784
241 242
241 243
241 249
241 308
242 243
244 245
244 246
244 247
244 385
244 547
245 246
245 247
246 247
249 305
249 309
249 338
249 398
249 453
250 282
250 358
250 384
250 508
250 657
250 773
251 252
251 272
253 254
254 272
254 727
255 274
255 310
255 513
256 385
256 443
256 515
258 259
258 385
260 261
260 289
262 263
262 270
262 318
262 320
262 357
262 361
262 371
262 385
262 414
262 421
262 484
262 653
262 791
262 792
262 793
263 489
263 767
264 300
264 355
264 356
264 418
264 419
264 448
264 499
265 274
265 289
265 312
265 431
265 591
265 592
265 680
265 762
268 269
270 278
270 620
270 621
271 272
272 310
272 396
273 354
273 448
273 627
274 297
274 310
274 320
274 328
274 332
274 355
274 384
274 431
274 447
274 499
274 513
274 522
274 562
274 634
274 635
274 636
274 637
274 680
277 278
278 301
278 319
278 358
278 372
278 376
278 412
281 282
282 292
282 458
282 464
284 292
284 443
284 738
285 521
288 614
288 615
289 312
289 328
289 335
289 362
289 373
289 403
289 404
289 405
289 476
289 495
289 496
289 502
289 503
289 504
289 528
289 529
289 564
289 596
289 722
289 762
290 763
291 292
291 302
291 304
291 448
291 493
291 494
291 508
291 628
291 641
292 308
292 322
292 352
292 357
292 368
292 369
292 398
292 458
292 464
292 487
292 520
292 531
292 549
292 557
292 606
292 661
292 674
292 701
292 725
292 728
292 733
292 734
292 744
292 767
293 294
295 328
295 654
302 493
302 494
303 314
303 320
303 323
303 324
304 361
304 453
304 641
306 307
306 314
306 425
308 427
309 318
309 576
309 686
310 321
310 513
312 575
312 586
312 587
312 595
312 762
313 314
314 472
315 316
317 399
318 335
318 357
318 361
318 371
318 443
318 457
318 458
318 477
318 516
318 710
318 772
319 376
320 398
320 428
320 593
320 594
320 718
321 527
321 597
321 598
321 613
321 679
322 329
323 324
324 403
328 472
328 495
328 496
328 654
329 668
333 642
333 643
335 336
335 341
335 403
335 404
335 477
335 722
336 457
336 480
341 683
342 343
344 345
344 479
344 688
347 348
349 350
355 356
355 390
355 448
355 475
355 523
357 361
357 371
357 471
357 517
359 360
361 370
361 371
361 443
361 470
361 528
361 675
366 390
366 403
368 369
370 470
370 716
370 717
370 723
376 396
376 520
376 766
377 378
378 411
378 640
379 705
382 545
382 572
384 508
385 443
385 484
385 515
385 547
386 691
386 795
388 389
390 403
390 522
392 393
395 396
396 405
396 477
396 520
396 766
398 428
398 755
400 413
402 509
403 404
403 722
403 794
404 405
404 722
405 461
405 477
405 483
405 616
406 407
407 438
409 410
410 577
411 506
411 507
411 707
411 711
411 712
415 416
417 677
418 419
421 422
424 425
425 469
425 492
426 427
426 686
431 680
431 797
432 433
434 435
436 437
440 478
440 510
440 657
440 759
443 515
443 738
443 772
450 451
450 523
450 547
450 563
453 485
453 501
454 455
455 547
455 585
457 458
457 547
458 464
461 462
461 616
461 778
466 467
468 777
469 492
471 517
472 473
479 480
479 688
483 510
483 693
493 494
495 496
497 498
499 726
499 787
502 503
502 504
503 504
506 507
516 710
518 519
520 766
523 563
531 674
535 536
540 541
545 572
558 559
563 653
568 752
569 570
582 583
583 689
586 587
588 589
591 592
593 594
597 598
602 680
602 745
602 746
602 747
603 604
608 609
610 611
614 615
620 621
622 623
624 708
624 709
624 774
634 635
634 636
634 637
635 636
635 637
636 637
639 640
642 643
644 645
646 647
649 650
649 651
650 651
657 714
657 759
658 659
660 661
661 728
661 754
663 664
670 671
680 745
680 746
680 747
681 682
686 768
691 718
691 747
691 780
694 695
698 699
706 707
708 709
711 712
716 717
718 747
718 780
720 721
725 736
726 787
730 731
733 734
740 741
745 746
745 747
746 747
747 780
757 758
785 786
789 790
791 792
791 793
792 793
801 802
