0 2
0 3
0 30
0 31
0 32
0 33
0 34
0 62
0 63
0 64
0 65
0 95
0 96
0 433
0 660
0 928
0 960
0 961
0 991
0 992
0 993
0 994
0 1022
0 1023
1 2
1 3
1 4
1 31
1 32
1 33
1 34
1 35
1 63
1 64
1 65
1 66
1 97
1 229
1 670
1 929
1 960
1 961
1 962
1 992
1 993
1 994
1 995
1 1023
2 3
2 4
2 5
2 31
2 32
2 33
2 34
2 35
2 36
2 65
2 66
2 67
2 98
2 930
2 962
2 963
2 992
2 993
2 994
2 995
2 996
3 4
3 5
3 6
3 33
3 34
3 35
3 36
3 37
3 66
3 67
3 68
3 99
3 416
3 931
3 962
3 963
3 964
3 993
3 994
3 995
3 996
3 997
4 5
4 6
4 7
4 34
4 35
4 36
4 38
4 67
4 68
4 69
4 100
4 932
4 963
4 964
4 965
4 989
4 994
4 995
4 996
4 997
4 998
5 6
5 7
5 8
5 26
5 36
5 38
5 39
5 69
5 70
5 101
5 167
5 305
5 778
5 894
5 933
5 964
5 966
5 995
5 996
5 997
5 998
5 999
6 8
6 36
6 38
6 40
6 69
6 70
6 71
6 102
6 447
6 934
6 965
6 966
6 967
6 971
6 978
6 996
6 997
6 998
6 999
6 1000
7 8
7 9
7 10
7 15
7 37
7 38
7 40
7 70
7 71
7 72
7 521
7 772
7 806
7 824
7 935
7 966
7 967
7 968
7 997
7 998
7 999
7 1000
7 1001
8 10
8 11
8 38
8 39
8 40
8 41
8 42
8 71
8 73
8 104
8 936
8 967
8 969
8 998
8 999
8 1000
8 1001
8 1002
9 10
9 11
9 12
9 39
9 40
9 41
9 42
9 43
9 72
9 73
9 74
9 105
9 537
9 937
9 968
9 969
9 970
9 979
9 999
9 1000
9 1001
9 1002
9 1003
10 11
10 12
10 13
10 40
10 41
10 42
10 43
10 44
10 73
10 74
10 75
10 106
10 312
10 454
10 938
10 969
10 970
10 1000
10 1001
10 1002
10 1003
10 1004
11 12
11 13
11 14
11 41
11 42
11 43
11 44
11 45
11 74
11 75
11 76
11 107
11 939
11 970
11 971
11 972
11 1001
11 1002
11 1003
11 1004
11 1005
12 13
12 14
12 15
12 32
12 42
12 43
12 44
12 46
12 75
12 77
12 108
12 819
12 893
12 940
12 971
12 972
12 973
12 1002
12 1003
12 1005
12 1006
13 14
13 15
13 16
13 43
13 44
13 45
13 46
13 47
13 76
13 77
13 78
13 109
13 571
13 941
13 972
13 973
13 974
13 1003
13 1004
13 1005
13 1006
13 1007
14 15
14 16
14 17
14 44
14 45
14 46
14 47
14 48
14 77
14 78
14 79
14 90
14 110
14 786
14 942
14 973
14 974
14 975
14 1004
14 1005
14 1006
14 1007
14 1008
15 16
15 17
15 18
15 45
15 46
15 47
15 48
15 49
15 78
15 79
15 80
15 111
15 943
15 948
15 974
15 975
15 976
15 1005
15 1006
15 1007
15 1008
15 1009
16 17
16 18
16 19
16 47
16 48
16 50
16 79
16 81
16 112
16 141
16 944
16 975
16 977
16 984
16 1006
16 1007
16 1009
16 1010
17 18
17 19
17 20
17 47
17 48
17 49
17 50
17 51
17 80
17 81
17 82
17 113
17 945
17 976
17 977
17 978
17 1007
17 1008
17 1009
17 1010
17 1011
18 19
18 20
18 21
18 48
18 49
18 50
18 51
18 81
18 82
18 114
18 152
18 261
18 565
18 660
18 857
18 946
18 977
18 978
18 979
18 1008
18 1009
18 1010
18 1011
18 1012
19 20
19 21
19 22
19 49
19 50
19 51
19 52
19 53
19 82
19 83
19 84
19 115
19 386
19 873
19 947
19 978
19 979
19 1009
19 1010
19 1011
19 1012
19 1013
20 21
20 22
20 23
20 50
20 51
20 52
20 53
20 54
20 83
20 84
20 85
20 116
20 948
20 979
20 980
20 981
20 1010
20 1012
20 1013
20 1014
21 22
21 23
21 51
21 52
21 53
21 54
21 55
21 84
21 85
21 86
21 117
21 867
21 980
21 981
21 982
21 992
21 1011
21 1012
21 1013
21 1014
21 1015
22 23
22 24
22 25
22 52
22 53
22 55
22 56
22 85
22 86
22 87
22 118
22 219
22 401
22 950
22 981
22 983
22 1012
22 1013
22 1014
22 1015
22 1016
23 24
23 25
23 26
23 53
23 55
23 56
23 57
23 86
23 87
23 88
23 119
23 288
23 494
23 951
23 982
23 983
23 984
23 1013
23 1014
23 1015
23 1016
23 1017
24 26
24 27
24 54
24 55
24 56
24 57
24 58
24 87
24 88
24 89
24 120
24 509
24 952
24 983
24 984
24 985
24 1014
24 1015
24 1016
24 1017
24 1018
25 26
25 27
25 28
25 55
25 56
25 57
25 58
25 59
25 88
25 89
25 121
25 671
25 984
25 985
25 986
25 1015
25 1016
25 1017
25 1018
25 1019
26 27
26 28
26 29
26 56
26 57
26 58
26 59
26 60
26 89
26 90
26 91
26 122
26 832
26 954
26 985
26 986
26 1016
26 1017
26 1018
26 1019
26 1020
27 28
27 29
27 30
27 57
27 58
27 59
27 60
27 61
27 90
27 92
27 123
27 130
27 196
27 267
27 334
27 955
27 986
27 987
27 988
27 1017
27 1018
27 1019
27 1021
28 29
28 30
28 31
28 33
28 40
28 58
28 59
28 60
28 61
28 62
28 91
28 92
28 93
28 124
28 827
28 956
28 987
28 988
28 1018
28 1019
28 1020
28 1021
28 1022
29 31
29 59
29 61
29 62
29 63
29 92
29 93
29 94
29 125
29 180
29 525
29 946
29 957
29 988
29 989
29 990
29 1019
29 1020
29 1021
29 1022
29 1023
30 31
30 32
30 60
30 61
30 62
30 63
30 93
30 94
30 95
30 126
30 958
30 990
30 991
30 992
30 1020
30 1021
30 1023
31 32
31 33
31 61
31 62
31 63
31 64
31 94
31 95
31 127
31 957
31 959
31 960
31 990
31 991
31 992
31 993
31 1021
31 1022
31 1023
32 33
32 34
32 35
32 61
32 62
32 63
32 65
32 66
32 83
32 94
32 96
32 97
32 127
32 128
32 960
32 992
32 993
33 34
33 35
33 36
33 62
33 64
33 65
33 66
33 67
33 95
33 96
33 97
33 98
33 129
33 992
33 993
33 994
34 35
34 36
34 37
34 63
34 64
34 65
34 67
34 68
34 97
34 98
34 99
34 130
34 157
34 476
34 962
34 993
34 994
34 995
35 36
35 37
35 38
35 65
35 66
35 67
35 68
35 69
35 99
35 131
35 423
35 661
35 735
35 778
35 963
35 994
35 996
36 37
36 39
36 46
36 66
36 67
36 68
36 69
36 70
36 99
36 100
36 101
36 132
36 324
36 447
36 964
36 995
36 996
36 997
37 38
37 39
37 40
37 67
37 68
37 69
37 70
37 71
37 100
37 101
37 102
37 133
37 568
37 965
37 996
37 998
38 39
38 41
38 68
38 69
38 70
38 71
38 72
38 101
38 102
38 103
38 134
38 306
38 338
38 966
38 997
38 998
38 999
39 42
39 55
39 69
39 70
39 71
39 72
39 73
39 102
39 103
39 104
39 135
39 437
39 967
39 979
39 998
39 999
40 41
40 42
40 43
40 70
40 71
40 72
40 73
40 104
40 105
40 136
40 150
40 606
40 895
40 968
40 999
40 1000
40 1001
41 42
41 43
41 44
41 71
41 72
41 73
41 74
41 104
41 105
41 106
41 154
41 652
41 969
41 1000
41 1001
41 1002
42 43
42 44
42 45
42 72
42 73
42 74
42 75
42 76
42 105
42 106
42 107
42 138
42 302
42 970
42 1001
42 1002
42 1003
43 44
43 45
43 46
43 73
43 74
43 75
43 76
43 77
43 106
43 107
43 108
43 139
43 689
43 703
43 971
43 999
43 1002
43 1004
44 45
44 46
44 47
44 74
44 75
44 77
44 78
44 107
44 108
44 109
44 139
44 140
44 972
44 1003
44 1004
44 1005
45 46
45 47
45 48
45 75
45 76
45 77
45 78
45 79
45 108
45 109
45 110
45 141
45 534
45 892
45 897
45 973
45 1004
45 1005
46 47
46 48
46 49
46 76
46 77
46 78
46 79
46 80
46 109
46 110
46 111
46 142
46 974
46 1005
46 1006
46 1007
47 48
47 49
47 50
47 77
47 78
47 79
47 80
47 112
47 143
47 508
47 862
47 975
47 1006
47 1007
47 1008
48 49
48 50
48 51
48 78
48 79
48 80
48 81
48 111
48 112
48 113
48 144
48 226
48 720
48 866
48 901
48 976
48 1007
48 1008
48 1009
49 50
49 51
49 52
49 79
49 80
49 81
49 82
49 113
49 114
49 145
49 518
49 897
49 977
49 1008
49 1010
50 51
50 52
50 53
50 80
50 81
50 83
50 84
50 113
50 114
50 115
50 146
50 461
50 536
50 978
50 980
50 1011
51 52
51 53
51 54
51 81
51 82
51 83
51 84
51 85
51 114
51 115
51 116
51 147
51 308
51 1010
51 1011
52 53
52 54
52 55
52 82
52 83
52 84
52 85
52 86
52 115
52 116
52 117
52 148
52 571
52 882
52 1011
52 1012
52 1013
53 54
53 55
53 56
53 83
53 84
53 85
53 86
53 87
53 116
53 117
53 118
53 149
53 981
53 1012
53 1014
54 55
54 56
54 57
54 84
54 85
54 86
54 87
54 88
54 118
54 119
54 150
54 392
54 576
54 599
54 872
54 1015
55 56
55 57
55 58
55 85
55 86
55 87
55 88
55 89
55 118
55 119
55 120
55 151
55 877
55 944
55 983
55 1014
55 1015
55 1016
56 57
56 58
56 59
56 86
56 87
56 88
56 89
56 90
56 119
56 121
56 152
56 737
56 984
56 1015
56 1016
56 1017
57 58
57 59
57 60
57 87
57 88
57 89
57 90
57 120
57 121
57 122
57 136
57 153
57 985
57 1016
57 1017
57 1018
58 59
58 60
58 61
58 88
58 89
58 90
58 91
58 92
58 121
58 122
58 123
58 154
58 513
58 986
58 1017
58 1018
58 1019
59 60
59 62
59 89
59 90
59 91
59 92
59 93
59 122
59 123
59 124
59 155
59 198
59 522
59 987
59 1018
59 1019
59 1020
60 61
60 62
60 91
60 92
60 93
60 94
60 124
60 125
60 143
60 156
60 309
60 917
60 988
60 1019
60 1020
60 1021
61 62
61 91
61 92
61 93
61 94
61 95
61 124
61 125
61 126
61 157
61 333
61 989
61 1020
61 1021
61 1022
62 63
62 64
62 92
62 94
62 95
62 125
62 126
62 127
62 158
62 383
62 505
62 990
62 1021
62 1022
62 1023
63 64
63 65
63 93
63 94
63 95
63 96
63 126
63 127
63 159
63 275
63 301
63 737
63 991
63 992
63 1022
63 1023
64 65
64 66
64 67
64 93
64 94
64 95
64 96
64 97
64 126
64 127
64 128
64 129
64 159
64 160
64 258
64 477
64 992
65 66
65 67
65 68
65 94
65 96
65 97
65 127
65 128
65 129
65 130
65 161
65 291
65 867
65 1012
66 68
66 69
66 95
66 96
66 98
66 99
66 100
66 129
66 130
66 131
66 162
66 685
66 994
67 68
67 69
67 70
67 97
67 98
67 99
67 100
67 101
67 130
67 131
67 132
67 163
67 255
67 995
68 69
68 70
68 71
68 99
68 100
68 101
68 102
68 131
68 132
68 133
68 164
68 826
68 996
69 70
69 71
69 72
69 99
69 100
69 101
69 102
69 103
69 133
69 134
69 165
69 997
70 71
70 72
70 73
70 100
70 101
70 102
70 103
70 104
70 133
70 134
70 166
70 917
70 998
71 72
71 73
71 74
71 101
71 102
71 103
71 104
71 105
71 134
71 135
71 136
71 167
71 470
71 594
71 999
72 73
72 74
72 75
72 102
72 103
72 104
72 105
72 135
72 136
72 137
72 168
72 853
72 1000
73 75
73 76
73 103
73 104
73 105
73 106
73 107
73 136
73 137
73 138
73 169
73 325
73 1001
74 75
74 76
74 104
74 105
74 106
74 107
74 108
74 137
74 138
74 139
74 170
74 431
74 697
74 1002
75 76
75 77
75 78
75 105
75 106
75 107
75 108
75 109
75 138
75 139
75 140
75 171
75 1003
76 77
76 78
76 79
76 106
76 107
76 108
76 109
76 110
76 139
76 140
76 141
76 172
76 345
76 985
76 1004
77 78
77 79
77 80
77 107
77 108
77 109
77 110
77 111
77 140
77 141
77 142
77 173
77 1005
78 79
78 80
78 81
78 108
78 109
78 110
78 112
78 141
78 142
78 143
78 174
78 376
78 387
78 1006
79 80
79 81
79 82
79 109
79 110
79 111
79 112
79 113
79 142
79 144
79 175
79 1007
79 1017
80 81
80 82
80 83
80 110
80 111
80 112
80 113
80 114
80 143
80 144
80 145
80 176
80 338
80 1008
81 82
81 84
81 112
81 113
81 114
81 115
81 144
81 145
81 146
81 177
81 424
81 723
81 856
81 1009
82 83
82 84
82 112
82 113
82 114
82 115
82 116
82 145
82 146
82 147
82 178
82 288
82 652
82 963
82 1010
83 84
83 86
83 113
83 114
83 115
83 116
83 146
83 147
83 148
83 162
83 179
83 376
83 395
83 850
83 1011
84 85
84 87
84 114
84 115
84 116
84 117
84 118
84 147
84 148
84 149
84 156
84 180
84 348
84 1012
85 86
85 87
85 88
85 115
85 116
85 117
85 118
85 119
85 148
85 149
85 150
85 181
85 573
85 1013
86 87
86 88
86 89
86 116
86 117
86 118
86 119
86 120
86 150
86 151
86 182
86 326
86 452
86 1014
87 89
87 117
87 118
87 119
87 120
87 121
87 150
87 151
87 183
87 569
87 1015
88 89
88 90
88 91
88 118
88 119
88 120
88 121
88 122
88 151
88 152
88 153
88 184
88 544
88 1016
89 90
89 91
89 92
89 120
89 121
89 122
89 123
89 152
89 153
89 154
89 185
89 1017
90 91
90 92
90 93
90 120
90 121
90 122
90 123
90 124
90 153
90 155
90 186
90 523
90 644
90 1009
90 1018
91 92
91 93
91 94
91 121
91 122
91 123
91 124
91 125
91 154
91 155
91 156
91 187
91 628
91 857
91 1019
92 93
92 94
92 95
92 122
92 123
92 124
92 125
92 126
92 155
92 156
92 157
92 188
92 352
92 634
92 742
92 773
93 94
93 95
93 123
93 124
93 125
93 126
93 127
93 156
93 157
93 158
93 189
93 1021
94 95
94 96
94 124
94 125
94 126
94 127
94 157
94 158
94 159
94 190
94 586
95 96
95 97
95 125
95 126
95 127
95 128
95 158
95 159
95 191
95 491
95 924
95 1023
96 97
96 98
96 99
96 125
96 126
96 127
96 128
96 129
96 130
96 158
96 159
96 160
96 161
96 191
96 192
96 389
97 98
97 99
97 100
97 126
97 127
97 128
97 129
97 130
97 131
97 159
97 160
97 161
97 162
97 193
97 661
97 764
97 923
98 99
98 100
98 101
98 120
98 127
98 128
98 129
98 130
98 131
98 132
98 161
98 163
98 194
99 100
99 101
99 102
99 129
99 130
99 131
99 132
99 133
99 162
99 163
99 164
99 195
99 240
99 934
100 101
100 102
100 130
100 131
100 132
100 133
100 134
100 163
100 164
100 165
100 196
100 386
100 749
100 975
101 102
101 103
101 104
101 131
101 132
101 133
101 134
101 135
101 164
101 165
101 166
101 197
101 811
102 103
102 104
102 105
102 132
102 133
102 134
102 135
102 136
102 165
102 167
102 198
102 376
102 978
103 104
103 105
103 106
103 133
103 134
103 135
103 136
103 137
103 167
103 168
103 199
103 269
103 514
103 878
103 936
104 105
104 106
104 107
104 134
104 136
104 137
104 138
104 153
104 167
104 168
104 169
104 200
104 472
105 106
105 107
105 108
105 135
105 136
105 137
105 138
105 139
105 168
105 169
105 170
105 201
105 366
105 498
105 594
106 107
106 108
106 109
106 136
106 137
106 139
106 140
106 169
106 170
106 202
106 300
106 601
107 108
107 109
107 110
107 137
107 138
107 139
107 140
107 141
107 170
107 171
107 172
107 203
107 741
108 109
108 110
108 111
108 138
108 139
108 140
108 141
108 142
108 171
108 172
108 173
108 204
108 371
109 110
109 112
109 139
109 141
109 142
109 143
109 172
109 173
109 174
109 205
109 344
109 573
109 733
110 111
110 112
110 113
110 140
110 141
110 142
110 143
110 144
110 173
110 174
110 175
110 206
110 378
110 462
110 725
111 112
111 113
111 114
111 141
111 142
111 143
111 144
111 145
111 174
111 176
111 207
111 623
111 846
112 113
112 114
112 115
112 142
112 143
112 146
112 175
112 176
112 177
112 208
112 332
113 114
113 115
113 116
113 143
113 144
113 145
113 146
113 147
113 176
113 177
113 178
113 209
114 115
114 116
114 117
114 144
114 145
114 146
114 147
114 148
114 177
114 178
114 179
114 210
114 897
115 116
115 117
115 118
115 145
115 147
115 148
115 149
115 178
115 179
115 180
115 211
115 671
116 118
116 119
116 146
116 147
116 148
116 149
116 150
116 179
116 180
116 181
116 212
116 701
117 118
117 119
117 120
117 147
117 148
117 149
117 150
117 151
117 166
117 180
117 182
117 213
117 1022
118 119
118 121
118 148
118 149
118 150
118 151
118 152
118 181
118 182
118 183
118 262
118 617
119 120
119 121
119 122
119 149
119 150
119 151
119 152
119 153
119 182
119 183
119 184
119 215
119 578
120 123
120 150
120 152
120 153
120 154
120 183
120 184
120 185
120 216
120 228
120 439
120 639
120 842
121 122
121 123
121 151
121 152
121 153
121 154
121 184
121 185
121 186
121 217
121 575
121 703
122 123
122 124
122 125
122 152
122 154
122 155
122 156
122 185
122 186
122 187
122 218
122 253
123 124
123 125
123 126
123 153
123 154
123 155
123 186
123 187
123 188
123 219
124 125
124 126
124 127
124 154
124 155
124 156
124 157
124 158
124 187
124 188
124 189
124 220
125 126
125 127
125 155
125 156
125 158
125 159
125 188
125 189
125 190
125 221
125 473
126 127
126 128
126 157
126 158
126 159
126 189
126 190
126 191
126 222
126 543
127 128
127 129
127 157
127 158
127 159
127 160
127 190
127 191
127 223
128 129
128 130
128 131
128 157
128 158
128 159
128 160
128 161
128 162
128 190
128 192
128 193
128 224
128 695
128 943
129 130
129 131
129 132
129 158
129 159
129 160
129 161
129 162
129 163
129 191
129 192
129 225
129 697
130 131
130 132
130 133
130 159
130 160
130 161
130 162
130 163
130 164
130 193
130 194
130 195
130 226
131 132
131 133
131 134
131 161
131 162
131 163
131 164
131 165
131 194
131 195
131 196
131 227
131 472
132 133
132 134
132 135
132 162
132 163
132 164
132 165
132 166
132 195
132 196
132 197
132 228
132 313
132 600
132 863
133 134
133 135
133 136
133 163
133 164
133 165
133 166
133 167
133 196
133 197
133 198
133 973
134 135
134 136
134 137
134 164
134 165
134 166
134 167
134 168
134 197
134 198
134 199
134 230
134 652
134 917
135 136
135 137
135 138
135 165
135 166
135 167
135 168
135 169
135 198
135 199
135 200
135 231
136 137
136 138
136 139
136 166
136 167
136 168
136 169
136 170
136 199
136 200
136 201
136 232
136 410
137 138
137 139
137 155
137 167
137 169
137 170
137 171
137 200
137 201
137 202
137 233
137 343
137 646
137 740
138 140
138 168
138 170
138 171
138 172
138 201
138 202
138 203
138 234
138 332
139 140
139 141
139 169
139 171
139 172
139 173
139 179
139 202
139 203
139 204
139 235
139 655
140 141
140 142
140 143
140 170
140 171
140 172
140 173
140 174
140 203
140 204
140 205
140 236
140 254
140 320
140 776
141 143
141 144
141 167
141 171
141 172
141 173
141 174
141 175
141 204
141 205
141 206
141 237
141 453
141 689
142 143
142 145
142 172
142 173
142 174
142 175
142 176
142 205
142 206
142 207
142 238
142 678
143 144
143 145
143 173
143 174
143 175
143 177
143 206
143 207
143 239
143 246
143 257
143 318
144 145
144 146
144 147
144 174
144 175
144 176
144 178
144 207
144 208
144 209
144 240
144 427
144 831
145 146
145 147
145 148
145 175
145 176
145 177
145 178
145 179
145 208
145 209
145 210
145 241
146 147
146 148
146 149
146 177
146 178
146 179
146 180
146 209
146 210
146 211
146 242
146 740
147 148
147 149
147 150
147 177
147 178
147 179
147 180
147 181
147 210
147 211
147 212
147 243
147 486
148 149
148 150
148 151
148 178
148 179
148 180
148 181
148 182
148 212
148 213
148 244
148 381
148 609
149 150
149 151
149 152
149 179
149 180
149 181
149 182
149 183
149 211
149 212
149 213
149 214
149 245
149 899
150 151
150 152
150 153
150 180
150 181
150 182
150 183
150 184
150 213
150 214
150 215
150 246
150 691
151 152
151 153
151 154
151 181
151 182
151 183
151 184
151 185
151 214
151 215
151 216
151 247
152 153
152 154
152 155
152 182
152 183
152 184
152 185
152 186
152 215
152 216
152 217
152 248
153 154
153 155
153 156
153 183
153 184
153 185
153 186
153 187
153 216
153 217
153 218
153 249
153 871
154 155
154 156
154 157
154 184
154 185
154 187
154 188
154 218
154 219
154 250
154 258
154 404
154 899
155 156
155 157
155 158
155 185
155 187
155 188
155 189
155 218
155 219
155 220
155 251
155 413
156 157
156 158
156 159
156 186
156 187
156 188
156 189
156 190
156 219
156 220
156 221
156 252
156 769
157 159
157 187
157 188
157 189
157 190
157 191
157 220
157 221
157 222
157 723
157 954
158 159
158 160
158 188
158 189
158 190
158 191
158 221
158 222
158 223
158 254
158 627
159 160
159 161
159 189
159 190
159 191
159 222
159 223
159 255
159 778
160 161
160 162
160 163
160 189
160 190
160 191
160 192
160 194
160 222
160 223
160 224
160 225
160 255
160 256
160 706
161 162
161 163
161 164
161 190
161 191
161 192
161 193
161 194
161 211
161 223
161 224
161 225
161 226
161 257
162 163
162 164
162 165
162 191
162 192
162 193
162 194
162 195
162 196
162 225
162 226
162 228
162 258
163 164
163 165
163 166
163 193
163 194
163 195
163 196
163 197
163 227
163 228
163 259
164 165
164 166
164 167
164 194
164 195
164 196
164 197
164 198
164 227
164 228
164 229
164 260
165 166
165 167
165 168
165 195
165 196
165 197
165 198
165 199
165 228
165 229
165 230
165 261
165 623
166 167
166 168
166 169
166 196
166 197
166 199
166 200
166 229
166 230
166 231
166 262
166 860
167 169
167 170
167 197
167 198
167 200
167 201
167 230
167 232
167 263
167 455
168 169
168 171
168 198
168 199
168 200
168 201
168 232
168 233
168 264
168 387
168 507
168 545
168 674
168 796
169 170
169 171
169 172
169 199
169 200
169 201
169 202
169 203
169 232
169 233
169 234
169 265
169 598
170 171
170 172
170 173
170 181
170 200
170 201
170 202
170 203
170 204
170 233
170 234
170 235
170 266
171 172
171 173
171 174
171 193
171 201
171 202
171 203
171 204
171 205
171 234
171 235
171 236
171 267
172 173
172 174
172 175
172 202
172 203
172 204
172 206
172 235
172 236
172 237
172 268
173 174
173 175
173 176
173 203
173 204
173 205
173 206
173 207
173 236
173 237
173 238
173 269
174 175
174 176
174 177
174 204
174 205
174 206
174 207
174 208
174 237
174 238
174 239
174 270
175 176
175 177
175 178
175 190
175 205
175 206
175 208
175 238
175 240
175 271
175 548
175 937
176 177
176 178
176 179
176 206
176 207
176 208
176 209
176 210
176 239
176 240
176 241
176 272
176 535
176 624
177 179
177 207
177 208
177 209
177 210
177 211
177 240
177 241
177 242
177 273
177 326
177 573
178 179
178 180
178 181
178 208
178 209
178 210
178 211
178 212
178 241
178 242
178 243
178 274
179 180
179 181
179 182
179 209
179 210
179 211
179 212
179 213
179 243
179 244
179 275
179 400
180 181
180 182
180 183
180 210
180 211
180 212
180 213
180 214
180 243
180 244
180 245
180 276
180 463
181 182
181 183
181 184
181 211
181 212
181 213
181 214
181 215
181 244
181 245
181 246
181 277
181 827
182 183
182 184
182 185
182 212
182 213
182 214
182 215
182 216
182 245
182 246
182 247
183 184
183 185
183 186
183 213
183 215
183 216
183 217
183 246
183 247
183 248
183 279
183 417
183 545
183 989
184 185
184 186
184 187
184 199
184 214
184 215
184 216
184 217
184 218
184 228
184 247
184 248
184 249
184 280
185 186
185 187
185 188
185 215
185 216
185 217
185 218
185 248
185 249
185 250
185 281
186 187
186 188
186 189
186 216
186 217
186 218
186 219
186 220
186 249
186 250
186 251
186 282
187 188
187 189
187 190
187 218
187 219
187 220
187 221
187 250
187 251
187 252
187 283
188 189
188 190
188 191
188 218
188 219
188 220
188 221
188 222
188 229
188 251
188 252
188 253
188 284
189 190
189 191
189 219
189 220
189 221
189 222
189 223
189 252
189 253
189 254
189 285
190 191
190 192
190 220
190 221
190 222
190 223
190 253
190 254
190 255
190 286
190 557
191 192
191 221
191 222
191 223
191 224
191 254
191 255
191 287
191 833
192 193
192 194
192 221
192 222
192 223
192 224
192 225
192 226
192 254
192 255
192 256
192 257
192 288
192 543
192 618
192 851
193 194
193 195
193 196
193 222
193 223
193 224
193 225
193 226
193 227
193 251
193 255
193 256
193 257
193 289
193 382
194 195
194 196
194 197
194 223
194 224
194 225
194 226
194 228
194 257
194 258
194 259
194 290
194 414
194 987
195 196
195 197
195 198
195 225
195 226
195 228
195 229
195 258
195 259
195 260
195 291
195 725
196 199
196 226
196 228
196 230
196 259
196 260
196 261
196 292
196 415
196 638
197 198
197 199
197 227
197 229
197 230
197 231
197 260
197 261
197 262
197 293
198 199
198 200
198 201
198 228
198 229
198 230
198 231
198 232
198 253
198 261
198 262
198 263
198 294
198 474
199 200
199 201
199 202
199 229
199 230
199 231
199 232
199 233
199 262
199 263
199 264
199 295
199 543
200 201
200 202
200 203
200 230
200 231
200 232
200 233
200 234
200 260
200 263
200 264
200 265
200 296
200 327
200 345
201 202
201 203
201 204
201 231
201 232
201 233
201 234
201 235
201 266
201 297
202 203
202 204
202 205
202 232
202 233
202 234
202 235
202 236
202 265
202 266
202 267
202 298
203 204
203 206
203 233
203 234
203 235
203 236
203 237
203 266
203 267
203 268
203 299
203 829
204 205
204 206
204 207
204 234
204 235
204 236
204 237
204 238
204 267
204 268
204 269
204 300
204 545
205 206
205 207
205 208
205 235
205 236
205 237
205 238
205 239
205 268
205 269
205 270
205 301
205 327
205 836
205 1002
206 207
206 208
206 209
206 236
206 237
206 238
206 239
206 240
206 269
206 270
206 271
206 302
206 546
207 208
207 209
207 210
207 237
207 238
207 239
207 240
207 241
207 270
207 271
207 272
207 303
207 949
208 209
208 210
208 211
208 238
208 239
208 240
208 241
208 242
208 271
208 272
208 273
208 304
208 314
209 210
209 211
209 212
209 239
209 240
209 241
209 242
209 243
209 272
209 273
209 274
209 305
210 212
210 213
210 240
210 241
210 242
210 243
210 244
210 273
210 275
210 306
210 497
211 213
211 214
211 241
211 242
211 243
211 244
211 245
211 274
211 275
211 276
211 307
212 213
212 214
212 215
212 224
212 242
212 243
212 244
212 245
212 246
212 275
212 276
212 277
212 308
212 812
213 214
213 215
213 216
213 243
213 244
213 245
213 246
213 247
213 276
213 277
213 278
213 904
214 215
214 216
214 217
214 244
214 245
214 246
214 247
214 277
214 278
214 279
214 310
214 385
214 673
215 217
215 218
215 245
215 246
215 247
215 248
215 249
215 278
215 279
215 280
215 311
216 217
216 218
216 219
216 246
216 247
216 248
216 249
216 250
216 279
216 280
216 281
216 312
217 218
217 219
217 220
217 247
217 248
217 249
217 250
217 251
217 280
217 281
217 282
217 299
217 313
217 469
218 219
218 220
218 221
218 249
218 250
218 251
218 252
218 281
218 282
218 283
218 314
218 720
218 850
218 921
219 220
219 221
219 222
219 249
219 250
219 251
219 252
219 253
219 282
219 283
219 284
219 315
220 221
220 222
220 223
220 250
220 252
220 253
220 254
220 283
220 284
220 285
220 316
221 222
221 223
221 251
221 252
221 253
221 254
221 255
221 284
221 285
221 286
221 317
221 329
221 831
222 223
222 224
222 252
222 253
222 254
222 255
222 285
222 286
222 287
222 318
222 732
223 224
223 225
223 253
223 254
223 255
223 287
223 319
223 412
224 225
224 226
224 227
224 253
224 254
224 255
224 256
224 257
224 258
224 286
224 287
224 288
224 319
224 320
225 226
225 227
225 254
225 255
225 256
225 257
225 258
225 259
225 287
225 288
225 289
225 290
225 321
226 227
226 228
226 229
226 255
226 256
226 257
226 258
226 259
226 260
226 289
226 290
226 291
226 754
227 228
227 229
227 230
227 257
227 258
227 259
227 260
227 261
227 290
227 291
227 292
227 323
227 846
227 945
228 229
228 230
228 231
228 259
228 260
228 261
228 262
228 291
228 293
228 324
228 375
228 630
228 699
228 801
229 230
229 231
229 232
229 259
229 260
229 262
229 263
229 292
229 293
229 294
229 325
229 420
229 798
230 231
230 232
230 233
230 260
230 261
230 262
230 263
230 264
230 293
230 294
230 326
230 550
230 694
231 232
231 233
231 234
231 261
231 262
231 263
231 264
231 265
231 294
231 295
231 296
231 311
231 327
231 346
232 233
232 234
232 235
232 262
232 263
232 264
232 265
232 266
232 296
232 297
232 328
233 234
233 235
233 236
233 251
233 263
233 264
233 265
233 266
233 267
233 296
233 298
233 329
234 235
234 236
234 237
234 256
234 264
234 265
234 266
234 267
234 268
234 297
234 298
234 299
234 330
234 597
234 601
235 236
235 237
235 238
235 268
235 269
235 298
235 299
235 300
235 331
235 608
235 743
236 237
236 238
236 239
236 266
236 267
236 268
236 269
236 270
236 299
236 300
236 301
236 332
237 239
237 240
237 267
237 268
237 269
237 270
237 271
237 300
237 301
237 302
237 333
237 339
237 525
238 239
238 241
238 268
238 270
238 271
238 272
238 301
238 302
238 303
238 334
238 421
238 646
238 700
239 240
239 241
239 242
239 269
239 270
239 271
239 272
239 273
239 292
239 302
239 303
239 304
239 854
240 241
240 242
240 243
240 271
240 273
240 274
240 303
240 304
240 305
240 336
240 507
241 242
241 243
241 244
241 271
241 272
241 273
241 274
241 275
241 304
241 305
241 306
241 337
241 1011
242 243
242 244
242 245
242 272
242 273
242 274
242 275
242 276
242 282
242 305
242 306
242 307
242 338
242 552
243 244
243 245
243 246
243 273
243 274
243 275
243 277
243 306
243 307
243 308
243 311
243 871
244 245
244 246
244 247
244 274
244 275
244 276
244 277
244 278
244 307
244 308
244 309
244 340
245 246
245 247
245 248
245 275
245 276
245 277
245 278
245 279
245 308
245 309
245 310
245 341
245 959
246 247
246 248
246 249
246 276
246 277
246 278
246 279
246 280
246 309
246 310
246 311
246 342
247 248
247 249
247 250
247 277
247 278
247 279
247 281
247 310
247 311
247 312
247 343
248 249
248 250
248 251
248 278
248 279
248 280
248 281
248 282
248 311
248 312
248 313
248 344
249 250
249 251
249 252
249 279
249 280
249 281
249 282
249 283
249 312
249 313
249 314
249 345
249 433
249 619
250 251
250 252
250 253
250 280
250 281
250 283
250 284
250 314
250 315
250 346
250 690
251 252
251 254
251 281
251 282
251 283
251 285
251 314
251 315
251 316
251 698
251 858
252 253
252 254
252 255
252 282
252 283
252 284
252 285
252 286
252 315
252 316
252 317
252 348
253 254
253 255
253 283
253 285
253 286
253 287
253 316
253 317
253 318
253 349
253 468
254 255
254 256
254 284
254 285
254 286
254 287
254 318
254 319
254 350
254 510
254 733
254 790
254 923
255 256
255 257
255 285
255 286
255 287
255 288
255 318
255 319
255 351
256 257
256 258
256 259
256 285
256 286
256 287
256 288
256 289
256 290
256 318
256 320
256 321
256 351
256 352
256 838
257 258
257 259
257 260
257 286
257 287
257 289
257 290
257 291
257 321
257 322
257 353
257 507
257 749
258 259
258 260
258 261
258 287
258 288
258 289
258 290
258 291
258 292
258 321
258 322
258 323
258 354
258 624
258 792
259 260
259 261
259 262
259 289
259 290
259 291
259 292
259 293
259 322
259 324
259 355
259 559
259 629
260 261
260 262
260 263
260 290
260 291
260 293
260 294
260 323
260 324
260 325
260 356
261 262
261 263
261 264
261 292
261 293
261 294
261 295
261 324
261 325
261 326
261 357
261 608
262 263
262 264
262 265
262 293
262 294
262 295
262 296
262 321
262 325
262 326
262 327
262 358
263 264
263 265
263 266
263 293
263 294
263 295
263 296
263 297
263 326
263 359
263 1023
264 265
264 266
264 267
264 294
264 295
264 296
264 297
264 298
264 327
264 328
264 329
264 360
264 562
264 691
264 899
265 266
265 268
265 295
265 296
265 297
265 298
265 299
265 328
265 329
265 330
265 361
265 558
265 985
266 267
266 268
266 269
266 296
266 297
266 298
266 299
266 300
266 329
266 330
266 331
266 362
266 1000
267 268
267 269
267 270
267 297
267 298
267 300
267 307
267 330
267 331
267 332
267 363
267 976
268 269
268 270
268 271
268 298
268 299
268 300
268 301
268 302
268 331
268 332
268 333
268 364
268 772
269 270
269 271
269 289
269 299
269 300
269 301
269 302
269 303
269 332
269 333
269 365
269 641
269 785
270 271
270 272
270 273
270 300
270 301
270 302
270 303
270 304
270 333
270 334
270 335
270 362
270 366
270 776
270 828
271 272
271 273
271 274
271 284
271 301
271 302
271 304
271 305
271 336
271 367
271 893
272 273
272 274
272 275
272 302
272 303
272 304
272 305
272 306
272 335
272 336
272 337
272 368
272 997
273 274
273 275
273 303
273 304
273 305
273 306
273 336
273 337
273 369
273 935
274 275
274 276
274 277
274 304
274 305
274 306
274 307
274 308
274 337
274 338
274 339
274 370
274 445
274 991
275 276
275 277
275 278
275 305
275 308
275 309
275 338
275 339
275 371
275 743
275 747
276 277
276 279
276 306
276 307
276 308
276 309
276 310
276 339
276 341
276 372
276 427
276 482
276 570
277 278
277 279
277 280
277 307
277 308
277 309
277 310
277 311
277 340
277 341
277 342
277 373
277 571
277 734
277 768
278 279
278 280
278 281
278 308
278 309
278 310
278 311
278 312
278 341
278 342
278 343
278 366
278 374
278 629
279 280
279 281
279 282
279 309
279 310
279 311
279 312
279 313
279 342
279 344
279 375
279 504
279 816
280 281
280 282
280 283
280 310
280 311
280 312
280 313
280 314
280 343
280 344
280 345
280 376
280 773
281 282
281 283
281 284
281 311
281 312
281 313
281 314
281 315
281 344
281 345
281 346
281 377
281 446
282 283
282 284
282 285
282 314
282 315
282 316
282 321
282 345
282 346
282 347
282 378
282 1013
283 284
283 285
283 286
283 313
283 315
283 316
283 317
283 346
283 347
283 348
283 379
283 859
284 287
284 314
284 316
284 318
284 347
284 348
284 349
284 380
284 389
284 795
284 825
284 845
285 286
285 287
285 315
285 316
285 317
285 318
285 319
285 348
285 349
285 350
285 381
285 746
285 924
285 954
286 287
286 288
286 316
286 318
286 319
286 349
286 350
286 351
286 382
287 288
287 289
287 317
287 318
287 319
287 320
287 351
287 383
287 389
288 289
288 290
288 291
288 317
288 318
288 319
288 320
288 321
288 322
288 351
288 353
288 383
288 384
288 947
289 290
289 291
289 292
289 318
289 319
289 320
289 321
289 322
289 323
289 351
289 352
289 353
289 354
289 425
290 291
290 292
290 293
290 319
290 320
290 321
290 322
290 323
290 353
290 354
290 386
291 292
291 294
291 322
291 323
291 324
291 325
291 339
291 354
291 355
291 356
291 387
291 388
291 888
291 1016
292 295
292 322
292 323
292 324
292 326
292 355
292 356
292 388
292 720
292 778
292 823
292 935
292 953
292 955
293 294
293 295
293 296
293 323
293 324
293 325
293 326
293 327
293 357
293 358
293 389
293 861
294 295
294 296
294 297
294 324
294 325
294 326
294 328
294 357
294 358
294 359
294 390
295 296
295 297
295 298
295 325
295 326
295 327
295 328
295 329
295 358
295 359
295 360
295 391
295 967
296 297
296 298
296 299
296 326
296 327
296 328
296 329
296 330
296 359
296 360
296 361
296 392
296 807
296 829
297 298
297 299
297 300
297 327
297 328
297 329
297 330
297 331
297 360
297 361
297 362
297 367
297 393
297 469
298 299
298 300
298 301
298 328
298 329
298 330
298 331
298 332
298 361
298 363
298 394
298 487
299 301
299 302
299 329
299 331
299 332
299 333
299 362
299 363
299 364
299 395
299 863
300 301
300 303
300 330
300 331
300 332
300 333
300 334
300 363
300 364
300 365
300 921
300 933
301 302
301 303
301 304
301 331
301 332
301 333
301 334
301 335
301 364
301 365
301 366
301 397
302 303
302 304
302 305
302 332
302 333
302 334
302 335
302 365
302 367
302 398
302 418
302 441
302 504
302 511
303 304
303 305
303 306
303 333
303 334
303 335
303 336
303 337
303 366
303 367
303 368
303 399
304 305
304 306
304 307
304 334
304 335
304 336
304 337
304 338
304 367
304 368
304 369
304 400
305 306
305 307
305 308
305 335
305 336
305 337
305 338
305 339
305 368
305 369
305 370
306 307
306 308
306 309
306 336
306 337
306 338
306 339
306 340
306 369
306 370
306 371
306 402
307 309
307 310
307 337
307 338
307 339
307 340
307 341
307 370
307 371
307 372
307 383
307 403
307 540
307 846
308 309
308 310
308 311
308 338
308 339
308 340
308 341
308 342
308 371
308 372
308 373
308 404
308 452
309 310
309 311
309 312
309 339
309 340
309 341
309 342
309 343
309 372
309 373
309 374
309 405
310 311
310 312
310 313
310 340
310 341
310 342
310 343
310 344
310 373
310 374
310 375
310 406
311 312
311 313
311 314
311 341
311 342
311 344
311 345
311 374
311 375
311 376
311 407
311 638
312 313
312 314
312 342
312 343
312 344
312 345
312 346
312 375
312 376
312 377
312 408
313 315
313 316
313 343
313 344
313 345
313 346
313 347
313 376
313 377
313 378
313 409
313 889
314 315
314 316
314 317
314 344
314 345
314 346
314 347
314 348
314 377
314 378
314 379
314 410
315 316
315 317
315 318
315 345
315 346
315 347
315 348
315 349
315 378
315 380
315 411
315 525
315 728
316 317
316 318
316 319
316 346
316 348
316 349
316 350
316 379
316 380
316 381
316 412
316 726
316 967
316 981
317 318
317 319
317 324
317 347
317 349
317 350
317 367
317 380
317 381
317 382
317 413
318 320
318 348
318 349
318 350
318 351
318 380
318 381
318 382
318 383
318 414
318 500
319 320
319 321
319 349
319 350
319 351
319 352
319 382
319 415
320 321
320 322
320 323
320 349
320 351
320 352
320 353
320 354
320 382
320 383
320 384
320 385
320 415
320 416
320 780
320 835
320 883
320 1011
321 322
321 323
321 324
321 350
321 351
321 352
321 353
321 354
321 355
321 383
321 385
321 386
321 417
321 447
322 323
322 324
322 325
322 351
322 352
322 353
322 354
322 355
322 356
322 385
322 386
322 387
322 418
323 324
323 325
323 326
323 353
323 354
323 355
323 356
323 357
323 386
323 387
323 388
323 418
323 419
323 991
324 325
324 326
324 327
324 354
324 355
324 356
324 358
324 387
324 388
324 389
324 420
324 450
324 484
324 537
325 326
325 327
325 328
325 355
325 357
325 358
325 359
325 389
325 399
325 421
325 947
326 327
326 329
326 356
326 357
326 358
326 360
326 389
326 390
326 391
327 328
327 329
327 330
327 358
327 359
327 360
327 361
327 390
327 391
327 392
327 423
327 641
327 850
328 329
328 330
328 331
328 358
328 359
328 360
328 361
328 362
328 392
328 393
328 424
328 430
328 756
329 330
329 331
329 332
329 359
329 360
329 361
329 362
329 363
329 393
329 394
329 425
330 331
330 332
330 360
330 361
330 362
330 363
330 364
330 394
330 395
330 423
330 426
330 663
331 332
331 333
331 334
331 361
331 362
331 363
331 364
331 365
331 394
331 395
332 333
332 334
332 335
332 362
332 363
332 364
332 365
332 366
332 395
332 396
332 397
332 428
332 931
332 975
333 334
333 335
333 336
333 363
333 364
333 365
333 366
333 367
333 396
333 397
333 398
333 429
333 904
334 335
334 336
334 364
334 365
334 366
334 367
334 368
334 397
334 398
334 399
334 430
334 613
335 336
335 337
335 338
335 365
335 366
335 367
335 368
335 369
335 398
335 399
335 400
335 431
335 985
335 994
336 337
336 338
336 339
336 366
336 367
336 368
336 369
336 370
336 399
336 400
336 401
336 432
336 673
337 338
337 339
337 340
337 350
337 367
337 368
337 369
337 370
337 371
337 400
337 401
337 402
337 854
337 1002
338 340
338 341
338 368
338 369
338 370
338 371
338 401
338 402
338 403
338 434
338 612
338 765
339 340
339 341
339 342
339 367
339 370
339 371
339 372
339 373
339 402
339 403
339 404
339 435
340 341
340 342
340 343
340 370
340 371
340 372
340 373
340 374
340 403
340 404
340 405
340 436
340 442
340 484
340 545
341 342
341 343
341 344
341 372
341 373
341 374
341 375
341 404
341 405
341 406
341 407
342 343
342 345
342 352
342 372
342 373
342 374
342 375
342 376
342 405
342 406
342 407
342 438
343 344
343 345
343 373
343 374
343 377
343 406
343 407
343 408
343 439
343 920
343 922
344 345
344 346
344 347
344 374
344 375
344 376
344 377
344 378
344 407
344 408
344 409
344 440
344 907
345 346
345 348
345 375
345 376
345 377
345 378
345 379
345 408
345 409
345 410
345 441
346 347
346 348
346 349
346 376
346 377
346 378
346 379
346 380
346 409
346 410
346 411
346 442
347 349
347 350
347 363
347 377
347 378
347 379
347 380
347 381
347 410
347 411
347 443
348 349
348 350
348 351
348 378
348 379
348 380
348 381
348 382
348 411
348 412
348 413
348 444
348 564
348 574
349 350
349 351
349 379
349 380
349 381
349 382
349 383
349 412
349 413
349 414
349 445
350 351
350 352
350 380
350 381
350 382
350 383
350 404
350 413
350 414
350 415
350 446
351 352
351 353
351 381
351 382
351 383
351 384
351 414
351 415
351 447
351 611
352 353
352 355
352 381
352 382
352 383
352 385
352 386
352 414
352 415
352 417
352 447
352 448
352 633
352 792
353 354
353 355
353 356
353 382
353 383
353 384
353 385
353 386
353 387
353 415
353 417
353 418
353 438
353 449
354 355
354 357
354 383
354 384
354 386
354 387
354 388
354 417
354 418
354 419
354 450
354 795
354 1010
355 356
355 357
355 358
355 378
355 385
355 386
355 387
355 388
355 389
355 418
355 419
355 420
355 451
355 720
356 357
356 358
356 359
356 386
356 387
356 388
356 389
356 390
356 419
356 420
356 452
356 492
356 616
357 358
357 359
357 360
357 387
357 388
357 389
357 390
357 391
357 420
357 421
357 422
357 453
357 1005
358 359
358 360
358 361
358 384
358 388
358 390
358 391
358 392
358 421
358 422
358 423
358 816
359 360
359 361
359 362
359 389
359 390
359 391
359 392
359 393
359 422
359 423
359 424
359 455
360 361
360 362
360 363
360 390
360 391
360 392
360 393
360 394
360 423
360 424
360 425
360 456
360 1008
361 362
361 364
361 391
361 393
361 394
361 425
361 426
361 457
361 492
361 539
361 632
361 954
362 363
362 364
362 365
362 393
362 394
362 395
362 396
362 425
362 426
362 427
362 458
362 573
363 364
363 365
363 393
363 394
363 395
363 396
363 397
363 426
363 427
363 428
363 459
364 365
364 366
364 367
364 394
364 395
364 396
364 397
364 398
364 427
364 428
364 429
365 366
365 367
365 368
365 395
365 396
365 397
365 398
365 399
365 428
365 429
365 430
365 461
366 367
366 368
366 396
366 397
366 398
366 429
366 430
366 431
366 598
366 995
367 368
367 397
367 398
367 399
367 401
367 430
367 431
367 432
367 463
367 1011
368 369
368 370
368 371
368 398
368 399
368 400
368 402
368 432
368 433
368 464
369 370
369 372
369 399
369 400
369 401
369 402
369 432
369 434
369 465
369 758
370 372
370 373
370 400
370 401
370 402
370 403
370 404
370 433
370 434
370 435
370 466
370 554
370 656
370 983
371 373
371 374
371 388
371 401
371 402
371 403
371 404
371 405
371 434
371 435
371 436
371 467
372 373
372 374
372 375
372 402
372 404
372 405
372 406
372 435
372 436
372 437
372 468
373 374
373 375
373 376
373 403
373 404
373 405
373 406
373 407
373 436
373 437
373 438
373 469
373 732
374 375
374 376
374 377
374 404
374 405
374 406
374 408
374 437
374 438
374 615
374 635
375 376
375 377
375 378
375 405
375 406
375 407
375 408
375 409
375 438
375 439
375 440
375 471
375 814
376 377
376 378
376 379
376 406
376 407
376 409
376 410
376 439
376 440
376 441
376 472
376 853
377 379
377 380
377 407
377 408
377 409
377 410
377 411
377 440
377 441
377 442
377 473
378 379
378 381
378 408
378 409
378 410
378 411
378 441
378 443
378 474
378 823
378 914
378 932
379 380
379 381
379 409
379 410
379 411
379 412
379 413
379 442
379 443
379 444
379 475
379 602
379 818
380 381
380 382
380 383
380 411
380 412
380 413
380 414
380 443
380 444
380 445
380 708
380 739
380 1016
381 382
381 383
381 411
381 414
381 444
381 445
381 446
381 477
381 624
381 708
382 383
382 384
382 412
382 413
382 414
382 415
382 445
382 446
382 447
382 478
383 384
383 385
383 413
383 414
383 415
383 416
383 446
383 447
383 479
384 385
384 386
384 387
384 413
384 415
384 416
384 417
384 418
384 446
384 447
384 448
384 449
384 479
384 480
385 386
385 387
385 388
385 414
385 415
385 416
385 417
385 418
385 419
385 447
385 448
385 449
385 450
385 769
385 806
386 387
386 388
386 415
386 416
386 417
386 418
386 420
386 449
386 450
386 451
386 464
386 482
387 388
387 389
387 390
387 418
387 420
387 421
387 451
387 452
387 483
388 389
388 390
388 391
388 419
388 420
388 421
388 422
388 451
388 452
388 453
388 478
388 484
389 390
389 391
389 392
389 419
389 420
389 422
389 423
389 452
389 453
389 454
389 485
390 391
390 392
390 393
390 420
390 421
390 422
390 423
390 424
390 453
390 454
390 455
390 486
390 681
390 971
391 392
391 393
391 394
391 421
391 422
391 423
391 424
391 425
391 453
391 454
391 455
391 456
391 487
392 393
392 394
392 395
392 402
392 412
392 422
392 423
392 424
392 425
392 426
392 455
392 456
392 488
392 861
392 958
393 394
393 396
393 423
393 424
393 425
393 426
393 427
393 456
393 457
393 458
393 489
394 395
394 396
394 397
394 425
394 426
394 427
394 428
394 457
394 458
394 490
394 618
395 397
395 398
395 425
395 426
395 427
395 438
395 458
395 459
395 460
395 491
395 556
395 700
395 751
395 972
396 397
396 398
396 399
396 426
396 427
396 428
396 429
396 430
396 459
396 460
396 461
396 492
396 540
397 398
397 399
397 400
397 427
397 428
397 429
397 430
397 431
397 460
397 461
397 462
397 493
398 399
398 401
398 420
398 428
398 429
398 430
398 431
398 432
398 461
398 462
398 463
398 494
398 620
399 400
399 401
399 402
399 429
399 430
399 431
399 432
399 433
399 462
399 463
399 464
399 495
399 921
400 401
400 402
400 403
400 430
400 431
400 432
400 433
400 434
400 463
400 465
400 496
401 402
401 403
401 431
401 432
401 433
401 434
401 435
401 455
401 464
401 466
401 641
401 706
402 403
402 404
402 405
402 432
402 433
402 434
402 435
402 436
402 465
402 466
402 467
402 498
403 404
403 405
403 406
403 433
403 434
403 435
403 436
403 437
403 466
403 467
403 468
403 499
403 887
404 405
404 406
404 407
404 435
404 436
404 437
404 438
404 467
404 468
404 500
405 406
405 407
405 408
405 435
405 437
405 438
405 439
405 468
405 469
405 470
405 501
405 747
405 984
405 1009
405 1017
406 407
406 408
406 409
406 436
406 437
406 438
406 439
406 440
406 469
406 471
406 502
407 408
407 409
407 410
407 437
407 438
407 439
407 440
407 441
407 470
407 471
407 472
407 503
407 618
407 710
408 409
408 410
408 438
408 439
408 440
408 441
408 442
408 471
408 472
408 473
408 504
408 994
409 411
409 412
409 439
409 440
409 441
409 442
409 443
409 470
409 472
409 473
409 474
409 505
410 411
410 440
410 441
410 442
410 443
410 444
410 473
410 474
410 506
411 412
411 413
411 414
411 441
411 442
411 443
411 444
411 445
411 474
411 475
411 507
412 413
412 414
412 415
412 442
412 443
412 444
412 445
412 446
412 475
412 476
412 477
412 508
412 523
413 414
413 415
413 443
413 444
413 445
413 446
413 447
413 476
413 477
413 478
413 497
413 509
413 725
414 415
414 416
414 444
414 445
414 446
414 447
414 477
414 478
414 479
414 491
415 416
415 417
415 446
415 447
415 448
415 478
415 479
415 511
416 417
416 418
416 419
416 445
416 446
416 447
416 448
416 449
416 450
416 478
416 479
416 480
416 481
416 511
416 512
416 649
416 834
416 1016
417 418
417 419
417 446
417 447
417 448
417 449
417 450
417 451
417 479
417 480
417 481
417 482
417 513
417 965
418 419
418 420
418 421
418 447
418 448
418 450
418 451
418 481
418 482
418 483
418 514
418 774
418 888
419 420
419 421
419 422
419 449
419 450
419 451
419 452
419 453
419 462
419 482
419 483
419 515
419 667
419 680
419 851
420 421
420 422
420 423
420 450
420 451
420 453
420 454
420 483
420 484
420 485
420 525
420 716
421 422
421 423
421 424
421 451
421 452
421 453
421 454
421 485
421 486
421 517
422 423
422 424
422 425
422 452
422 453
422 454
422 455
422 456
422 457
422 485
422 486
422 487
422 502
422 518
423 424
423 425
423 426
423 453
423 454
423 456
423 457
423 486
423 487
423 488
423 519
424 425
424 426
424 454
424 455
424 456
424 457
424 458
424 487
424 488
424 489
424 520
424 941
425 426
425 427
425 428
425 455
425 456
425 458
425 459
425 489
425 490
425 521
426 427
426 428
426 429
426 456
426 457
426 458
426 459
426 460
426 489
426 490
426 491
426 522
427 428
427 429
427 430
427 457
427 458
427 459
427 460
427 461
427 490
427 491
427 492
427 523
427 589
427 962
428 429
428 430
428 431
428 458
428 459
428 460
428 461
428 462
428 465
428 491
428 492
428 493
428 524
428 1013
429 430
429 431
429 432
429 459
429 461
429 462
429 463
429 492
429 493
429 494
429 665
430 431
430 432
430 433
430 460
430 461
430 462
430 463
430 464
430 493
430 494
430 526
430 860
431 432
431 433
431 434
431 461
431 462
431 463
431 464
431 465
431 494
431 495
431 496
431 527
431 552
431 606
431 836
432 433
432 435
432 462
432 463
432 464
432 465
432 466
432 495
432 496
432 497
432 528
432 958
433 434
433 435
433 436
433 463
433 464
433 466
433 467
433 496
433 497
433 498
433 529
433 573
433 578
434 435
434 436
434 437
434 464
434 465
434 466
434 467
434 468
434 497
434 498
434 499
434 645
434 688
435 436
435 437
435 438
435 465
435 466
435 467
435 468
435 469
435 498
435 499
435 500
435 531
436 437
436 438
436 439
436 466
436 467
436 468
436 469
436 470
436 500
436 501
436 532
436 667
437 438
437 439
437 467
437 468
437 469
437 470
437 471
437 500
437 501
437 502
437 533
437 658
437 924
438 439
438 440
438 441
438 469
438 470
438 471
438 472
438 501
438 502
438 503
438 534
438 828
439 440
439 441
439 442
439 470
439 471
439 472
439 473
439 502
439 503
439 504
439 535
440 441
440 442
440 443
440 470
440 471
440 472
440 473
440 474
440 503
440 504
440 505
440 536
441 442
441 443
441 471
441 472
441 473
441 474
441 475
441 505
441 537
441 702
441 977
442 443
442 444
442 445
442 472
442 473
442 475
442 476
442 505
442 506
442 507
442 538
443 444
443 445
443 473
443 474
443 475
443 476
443 477
443 506
443 507
443 508
443 539
444 445
444 446
444 447
444 474
444 475
444 476
444 477
444 478
444 507
444 508
444 509
444 540
444 783
444 989
445 446
445 447
445 475
445 476
445 477
445 479
445 508
445 509
445 510
445 541
446 447
446 448
446 476
446 477
446 478
446 479
446 509
446 510
446 511
446 542
446 660
446 865
447 448
447 449
447 477
447 478
447 480
447 510
447 511
447 543
447 831
447 866
447 986
448 449
448 450
448 451
448 477
448 478
448 479
448 480
448 481
448 482
448 510
448 511
448 512
448 513
448 543
448 544
449 450
449 451
449 452
449 478
449 479
449 480
449 481
449 482
449 483
449 511
449 512
449 513
449 514
449 545
450 451
450 453
450 479
450 480
450 481
450 482
450 483
450 484
450 513
450 514
450 515
450 653
451 452
451 453
451 454
451 481
451 482
451 483
451 484
451 485
451 515
451 516
451 547
451 673
452 453
452 454
452 455
452 482
452 483
452 484
452 485
452 486
452 504
452 515
452 516
452 517
452 548
452 739
452 873
453 454
453 455
453 456
453 483
453 484
453 485
453 486
453 487
453 516
453 518
453 549
454 455
454 456
454 457
454 485
454 486
454 487
454 488
454 517
454 518
454 519
454 550
455 456
455 457
455 458
455 485
455 487
455 488
455 489
455 518
455 519
455 520
455 551
455 599
455 865
456 457
456 458
456 459
456 486
456 487
456 488
456 489
456 490
456 519
456 520
456 521
456 552
457 458
457 487
457 488
457 489
457 491
457 520
457 521
457 522
457 553
457 820
457 838
457 907
458 459
458 460
458 461
458 488
458 489
458 490
458 491
458 492
458 521
458 522
458 523
458 554
459 460
459 461
459 462
459 489
459 490
459 491
459 492
459 493
459 522
459 523
459 524
459 555
459 662
459 895
459 982
459 999
460 461
460 462
460 463
460 490
460 491
460 492
460 493
460 494
460 523
460 524
460 525
460 556
460 629
461 462
461 463
461 464
461 491
461 492
461 493
461 494
461 495
461 525
461 526
461 557
461 643
462 463
462 464
462 465
462 492
462 493
462 494
462 495
462 496
462 525
462 526
462 527
462 558
462 805
462 914
463 464
463 465
463 493
463 494
463 495
463 496
463 497
463 527
463 528
463 559
464 465
464 466
464 467
464 494
464 496
464 497
464 498
464 527
464 528
464 529
464 560
464 1005
465 466
465 467
465 468
465 482
465 495
465 496
465 498
465 499
465 528
465 529
465 530
465 561
465 910
466 467
466 468
466 469
466 496
466 497
466 498
466 499
466 500
466 529
466 530
466 531
466 562
466 648
467 468
467 469
467 470
467 497
467 498
467 499
467 500
467 501
467 530
467 531
467 532
467 563
468 469
468 470
468 471
468 498
468 499
468 500
468 501
468 502
468 531
468 532
468 533
468 564
468 628
469 470
469 471
469 499
469 501
469 502
469 503
469 532
469 533
469 534
469 565
469 1006
470 471
470 472
470 473
470 500
470 501
470 502
470 503
470 504
470 533
470 534
470 535
470 566
471 474
471 502
471 503
471 504
471 505
471 534
471 535
471 536
471 537
471 567
471 807
471 842
471 964
472 473
472 474
472 475
472 502
472 503
472 504
472 505
472 506
472 535
472 536
472 537
472 568
472 993
473 474
473 475
473 476
473 503
473 504
473 505
473 506
473 507
473 538
473 569
474 475
474 476
474 477
474 504
474 505
474 506
474 507
474 508
474 537
474 538
474 539
474 570
474 983
475 476
475 477
475 478
475 505
475 506
475 507
475 508
475 509
475 538
475 539
475 540
475 571
476 477
476 478
476 479
476 506
476 507
476 508
476 509
476 510
476 540
476 541
476 572
476 677
477 478
477 479
477 507
477 508
477 509
477 510
477 511
477 540
477 541
477 542
477 573
478 479
478 480
478 508
478 509
478 510
478 516
478 541
478 542
478 574
479 480
479 481
479 509
479 510
479 511
479 512
479 542
479 543
479 575
479 961
480 481
480 482
480 483
480 509
480 510
480 511
480 512
480 513
480 514
480 542
480 543
480 544
480 545
480 575
480 576
480 1019
481 482
481 483
481 484
481 497
481 510
481 511
481 512
481 513
481 514
481 515
481 544
481 545
481 546
481 577
482 483
482 485
482 511
482 512
482 513
482 514
482 515
482 536
482 544
482 545
482 546
482 547
482 578
483 484
483 485
483 486
483 513
483 514
483 515
483 516
483 517
483 546
483 547
483 548
483 579
483 839
483 950
484 485
484 486
484 487
484 514
484 515
484 516
484 517
484 518
484 547
484 548
484 549
484 580
485 486
485 487
485 488
485 515
485 516
485 517
485 518
485 519
485 548
485 549
485 550
485 581
486 487
486 488
486 489
486 516
486 517
486 518
486 519
486 520
486 549
486 550
486 551
486 582
486 770
487 488
487 489
487 490
487 517
487 518
487 519
487 520
487 521
487 550
487 551
487 552
487 572
487 583
488 489
488 490
488 491
488 518
488 519
488 520
488 521
488 522
488 551
488 552
488 553
488 584
488 601
489 490
489 492
489 519
489 520
489 521
489 522
489 523
489 543
489 552
489 553
489 554
489 585
489 768
490 491
490 492
490 493
490 520
490 521
490 522
490 523
490 524
490 553
490 554
490 555
490 586
491 493
491 522
491 523
491 525
491 554
491 555
491 556
491 587
492 494
492 495
492 523
492 524
492 526
492 555
492 556
492 557
492 588
492 860
492 940
493 495
493 496
493 523
493 526
493 527
493 556
493 557
493 558
493 589
493 858
493 955
494 495
494 496
494 497
494 524
494 525
494 526
494 527
494 528
494 557
494 558
494 559
494 590
494 932
495 496
495 497
495 498
495 526
495 527
495 528
495 529
495 558
495 559
495 560
495 591
495 896
496 497
496 498
496 499
496 526
496 528
496 529
496 530
496 559
496 560
496 561
496 592
497 498
497 499
497 500
497 527
497 528
497 530
497 561
497 562
497 593
498 499
498 500
498 528
498 529
498 530
498 531
498 532
498 561
498 562
498 563
498 594
499 500
499 501
499 529
499 530
499 531
499 532
499 533
499 562
499 563
499 564
499 595
499 657
500 501
500 502
500 503
500 530
500 531
500 532
500 533
500 534
500 563
500 564
500 565
500 596
501 502
501 503
501 504
501 531
501 532
501 533
501 534
501 535
501 564
501 565
501 566
501 597
502 503
502 504
502 505
502 532
502 533
502 534
502 535
502 536
502 565
502 566
502 567
502 598
503 504
503 505
503 506
503 533
503 534
503 536
503 537
503 566
503 567
503 568
503 599
504 505
504 506
504 534
504 536
504 537
504 538
504 567
504 568
504 569
504 600
504 780
505 506
505 507
505 508
505 535
505 536
505 537
505 538
505 539
505 568
505 569
505 570
505 601
505 669
505 925
506 507
506 508
506 509
506 536
506 537
506 538
506 540
506 569
506 570
506 571
506 602
507 508
507 509
507 510
507 537
507 538
507 539
507 540
507 541
507 570
507 571
507 572
507 603
508 509
508 510
508 511
508 538
508 539
508 542
508 571
508 572
508 573
508 604
508 606
509 510
509 511
509 537
509 539
509 540
509 541
509 542
509 543
509 572
509 573
509 605
509 614
509 877
509 942
509 955
510 511
510 512
510 540
510 541
510 542
510 543
510 573
510 574
510 575
510 616
511 512
511 513
511 538
511 541
511 542
511 544
511 574
511 575
511 607
512 513
512 514
512 515
512 541
512 542
512 543
512 544
512 545
512 546
512 574
512 576
512 577
512 607
512 608
512 992
513 515
513 516
513 542
513 543
513 545
513 546
513 547
513 575
513 576
513 577
513 578
513 609
514 515
514 516
514 517
514 543
514 544
514 545
514 546
514 547
514 548
514 577
514 578
514 610
514 897
515 516
515 517
515 518
515 525
515 546
515 547
515 548
515 549
515 578
515 579
515 580
515 611
516 517
516 518
516 519
516 546
516 547
516 548
516 549
516 550
516 579
516 580
516 581
516 612
516 718
517 518
517 519
517 520
517 547
517 548
517 550
517 551
517 580
517 581
517 582
517 613
517 802
518 519
518 520
518 521
518 548
518 549
518 550
518 551
518 552
518 581
518 582
518 583
518 614
518 862
519 520
519 521
519 522
519 549
519 550
519 551
519 552
519 553
519 582
519 583
519 584
519 615
520 521
520 522
520 523
520 550
520 551
520 552
520 553
520 554
520 583
520 585
520 616
521 522
521 523
521 524
521 551
521 553
521 554
521 555
521 584
521 585
521 586
521 617
521 886
522 523
522 524
522 525
522 552
522 553
522 554
522 555
522 556
522 585
522 586
522 587
522 618
523 525
523 526
523 553
523 554
523 555
523 556
523 557
523 586
523 587
523 588
523 619
524 525
524 526
524 527
524 555
524 556
524 557
524 558
524 587
524 588
524 589
524 620
524 901
524 954
525 526
525 527
525 528
525 555
525 556
525 557
525 558
525 559
525 588
525 589
525 590
525 603
525 621
526 527
526 528
526 529
526 556
526 557
526 558
526 559
526 560
526 589
526 590
526 591
526 622
527 529
527 530
527 557
527 558
527 559
527 560
527 561
527 590
527 591
527 592
527 623
527 892
527 973
528 529
528 530
528 531
528 558
528 559
528 560
528 561
528 591
528 592
528 593
528 600
528 624
528 833
529 530
529 531
529 532
529 559
529 560
529 561
529 562
529 563
529 592
529 593
529 594
529 625
530 531
530 532
530 533
530 560
530 561
530 562
530 563
530 564
530 593
530 594
530 595
530 626
531 532
531 533
531 534
531 561
531 562
531 563
531 564
531 565
531 595
531 596
531 627
532 533
532 534
532 535
532 562
532 563
532 564
532 565
532 566
532 595
532 596
532 597
532 628
533 534
533 535
533 536
533 563
533 564
533 565
533 566
533 567
533 596
533 597
533 598
533 629
534 535
534 536
534 537
534 564
534 565
534 567
534 568
534 598
534 599
534 630
535 536
535 537
535 565
535 566
535 567
535 568
535 569
535 598
535 599
535 600
535 631
535 661
536 537
536 538
536 539
536 566
536 567
536 568
536 569
536 570
536 599
536 600
536 632
537 538
537 539
537 540
537 567
537 569
537 570
537 571
537 600
537 602
537 633
538 539
538 540
538 541
538 568
538 569
538 570
538 572
538 601
538 602
538 603
538 806
539 540
539 541
539 542
539 569
539 570
539 571
539 572
539 573
539 602
539 603
539 604
539 635
539 950
540 542
540 543
540 570
540 571
540 572
540 573
540 574
540 603
540 604
540 605
540 636
541 542
541 543
541 558
541 561
541 571
541 572
541 573
541 574
541 575
541 604
541 605
541 606
541 637
542 543
542 544
542 572
542 573
542 574
542 575
542 605
542 606
542 607
542 638
542 959
543 545
543 574
543 575
543 576
543 606
543 607
543 639
543 719
543 969
544 545
544 546
544 547
544 573
544 574
544 575
544 576
544 577
544 578
544 606
544 607
544 608
544 609
544 639
544 640
545 546
545 547
545 548
545 574
545 575
545 577
545 578
545 579
545 608
545 610
545 645
545 699
546 547
546 548
546 549
546 575
546 577
546 578
546 579
546 580
546 609
546 610
546 611
546 642
546 679
546 691
546 979
547 548
547 549
547 577
547 578
547 579
547 580
547 581
547 610
547 611
547 612
547 643
548 549
548 550
548 551
548 578
548 579
548 580
548 581
548 582
548 611
548 612
548 613
548 644
549 550
549 551
549 552
549 579
549 580
549 581
549 582
549 583
549 612
549 613
549 614
549 645
550 551
550 552
550 553
550 580
550 581
550 582
550 583
550 584
550 613
550 614
550 615
550 646
551 552
551 553
551 581
551 582
551 583
551 584
551 585
551 614
551 615
551 616
551 647
552 553
552 554
552 582
552 583
552 584
552 585
552 586
552 615
552 616
552 617
552 648
553 554
553 555
553 583
553 584
553 585
553 586
553 587
553 616
553 617
553 618
553 649
553 732
553 764
553 781
554 555
554 556
554 557
554 584
554 585
554 586
554 587
554 588
554 617
554 618
554 619
554 625
554 650
555 556
555 557
555 558
555 586
555 587
555 588
555 589
555 590
555 619
555 620
555 651
556 557
556 558
556 559
556 586
556 587
556 588
556 589
556 590
556 619
556 620
556 621
556 652
557 558
557 559
557 560
557 587
557 588
557 590
557 591
557 620
557 621
557 622
557 653
558 559
558 560
558 561
558 588
558 589
558 590
558 591
558 592
558 621
558 622
558 623
558 654
559 561
559 562
559 589
559 591
559 592
559 622
559 623
559 624
559 655
559 714
559 998
560 561
560 562
560 563
560 590
560 591
560 592
560 593
560 594
560 610
560 623
560 624
560 625
560 776
560 777
560 881
561 562
561 563
561 564
561 591
561 592
561 593
561 594
561 595
561 620
561 624
561 625
561 626
561 657
562 563
562 564
562 565
562 592
562 593
562 594
562 595
562 596
562 625
562 626
562 627
562 658
563 564
563 565
563 566
563 593
563 594
563 595
563 596
563 597
563 626
563 627
563 628
563 659
564 565
564 566
564 567
564 594
564 595
564 596
564 597
564 598
564 627
564 628
564 629
564 660
565 566
565 567
565 568
565 596
565 597
565 598
565 599
565 629
565 630
565 661
565 664
566 567
566 568
566 569
566 596
566 599
566 600
566 629
566 630
566 631
566 662
567 568
567 569
567 570
567 597
567 598
567 599
567 600
567 601
567 630
567 631
567 632
567 663
568 569
568 570
568 598
568 599
568 601
568 602
568 631
568 632
568 633
568 664
568 1003
569 570
569 571
569 572
569 600
569 601
569 602
569 603
569 632
569 633
569 634
569 665
569 704
569 847
570 571
570 572
570 600
570 601
570 602
570 603
570 604
570 633
570 634
570 666
570 986
571 572
571 573
571 574
571 601
571 603
571 605
571 634
571 635
571 667
571 930
572 573
572 574
572 575
572 602
572 603
572 605
572 635
572 636
572 637
572 668
572 1004
573 574
573 575
573 603
573 604
573 605
573 606
573 607
573 637
573 638
573 669
573 926
574 575
574 604
574 605
574 606
574 607
574 637
574 638
574 639
574 913
575 576
575 577
575 605
575 606
575 607
575 608
575 638
575 639
575 671
575 674
576 577
576 578
576 579
576 605
576 606
576 607
576 608
576 609
576 610
576 638
576 639
576 640
576 641
576 672
576 861
577 578
577 579
577 580
577 606
577 607
577 608
577 609
577 610
577 611
577 639
577 640
577 641
577 642
577 952
578 579
578 580
578 581
578 607
578 608
578 609
578 610
578 611
578 612
578 641
578 642
578 643
578 674
579 580
579 581
579 582
579 609
579 610
579 611
579 612
579 613
579 643
579 644
579 675
580 581
580 582
580 583
580 610
580 611
580 612
580 613
580 614
580 643
580 644
580 645
580 676
581 582
581 583
581 584
581 611
581 612
581 613
581 615
581 644
581 645
581 646
581 677
581 688
582 583
582 584
582 585
582 613
582 614
582 616
582 645
582 646
582 647
582 678
582 975
582 1022
583 584
583 585
583 586
583 613
583 614
583 615
583 616
583 617
583 646
583 647
583 648
584 585
584 586
584 587
584 614
584 615
584 616
584 617
584 618
584 647
584 648
584 649
584 680
584 983
585 586
585 587
585 588
585 615
585 616
585 617
585 619
585 626
585 648
585 649
585 650
585 681
585 1000
586 587
586 588
586 589
586 616
586 617
586 618
586 620
586 649
586 650
586 651
586 682
587 588
587 589
587 590
587 617
587 618
587 619
587 621
587 650
587 651
587 652
587 683
587 910
588 589
588 590
588 591
588 618
588 619
588 620
588 621
588 622
588 651
588 652
588 653
588 684
589 590
589 591
589 592
589 619
589 620
589 621
589 622
589 623
589 652
589 653
589 654
589 685
589 711
589 803
590 591
590 592
590 593
590 620
590 621
590 622
590 624
590 653
590 654
590 655
590 686
590 733
590 787
591 592
591 593
591 594
591 621
591 622
591 623
591 624
591 625
591 654
591 655
591 656
591 687
591 820
592 593
592 594
592 595
592 622
592 623
592 625
592 626
592 655
592 656
592 657
592 688
592 739
592 788
593 594
593 595
593 596
593 623
593 624
593 625
593 626
593 627
593 656
593 657
593 658
593 689
593 882
594 596
594 597
594 624
594 625
594 627
594 628
594 657
594 658
594 659
594 690
594 834
595 596
595 597
595 598
595 625
595 626
595 627
595 628
595 629
595 658
595 659
595 660
595 691
596 597
596 598
596 599
596 626
596 627
596 628
596 629
596 630
596 659
596 660
596 661
596 692
597 598
597 599
597 627
597 628
597 629
597 630
597 631
597 660
597 661
597 662
597 689
597 693
598 599
598 600
598 601
598 629
598 630
598 631
598 632
598 651
598 661
598 662
598 694
599 600
599 601
599 632
599 633
599 663
599 664
599 695
599 709
599 896
599 904
600 601
600 602
600 603
600 630
600 631
600 632
600 633
600 663
600 664
600 665
600 696
601 602
601 603
601 604
601 631
601 632
601 633
601 634
601 635
601 664
601 665
601 666
601 697
602 603
602 604
602 605
602 632
602 633
602 634
602 635
602 636
602 665
602 666
602 667
602 698
602 895
603 604
603 605
603 633
603 634
603 635
603 636
603 637
603 666
603 667
603 668
603 699
604 605
604 606
604 607
604 634
604 635
604 636
604 637
604 638
604 667
604 668
604 669
604 700
605 606
605 607
605 635
605 636
605 637
605 668
605 669
605 670
605 701
605 919
606 607
606 608
606 636
606 637
606 638
606 639
606 669
606 670
606 671
606 685
606 702
607 608
607 609
607 637
607 638
607 639
607 640
607 670
607 671
607 703
608 609
608 610
608 611
608 637
608 639
608 640
608 642
608 670
608 671
608 672
608 673
608 703
608 704
608 999
609 610
609 611
609 612
609 639
609 640
609 641
609 642
609 643
609 671
609 672
609 673
609 674
609 705
609 890
610 611
610 613
610 639
610 640
610 641
610 642
610 643
610 644
610 673
610 674
610 675
610 706
610 774
611 612
611 613
611 614
611 641
611 642
611 644
611 645
611 674
611 675
611 676
611 707
611 762
612 613
612 614
612 615
612 642
612 643
612 644
612 645
612 646
612 675
612 676
612 677
612 708
612 823
612 834
613 614
613 615
613 616
613 643
613 644
613 645
613 646
613 647
613 677
613 678
613 709
613 999
614 615
614 616
614 617
614 644
614 645
614 646
614 647
614 648
614 677
614 678
614 679
614 710
615 616
615 617
615 618
615 645
615 646
615 648
615 649
615 678
615 679
615 680
615 711
615 932
616 617
616 618
616 619
616 644
616 646
616 647
616 648
616 649
616 650
616 679
616 680
616 681
616 712
616 774
617 618
617 619
617 620
617 647
617 648
617 649
617 650
617 651
617 680
617 681
617 682
617 713
617 1019
618 619
618 620
618 621
618 649
618 650
618 651
618 652
618 681
618 682
618 683
618 714
618 851
619 620
619 621
619 622
619 649
619 650
619 651
619 652
619 653
619 682
619 684
619 715
620 621
620 622
620 650
620 651
620 652
620 653
620 654
620 683
620 684
620 685
620 716
621 623
621 624
621 651
621 652
621 654
621 655
621 684
621 711
621 717
621 895
621 1016
622 623
622 624
622 625
622 652
622 653
622 654
622 655
622 656
622 685
622 686
622 687
622 718
623 624
623 625
623 626
623 653
623 654
623 655
623 656
623 657
623 686
623 687
623 688
623 719
624 625
624 626
624 627
624 655
624 656
624 657
624 658
624 687
624 688
624 720
624 822
625 626
625 627
625 628
625 655
625 656
625 657
625 658
625 659
625 688
625 689
625 690
625 721
625 843
626 627
626 628
626 629
626 656
626 657
626 658
626 659
626 660
626 689
626 690
626 691
626 722
627 628
627 629
627 630
627 657
627 658
627 659
627 660
627 661
627 690
627 691
627 692
627 723
627 945
627 946
628 629
628 630
628 631
628 658
628 659
628 660
628 661
628 691
628 692
628 693
628 867
629 630
629 631
629 632
629 659
629 660
629 661
629 662
629 663
629 692
629 693
629 725
630 631
630 632
630 633
630 660
630 661
630 662
630 663
630 664
630 693
630 694
630 695
630 726
631 632
631 633
631 634
631 661
631 662
631 663
631 664
631 665
631 694
631 695
631 696
631 727
632 633
632 634
632 662
632 663
632 664
632 665
632 666
632 695
632 696
632 697
632 711
632 728
633 634
633 635
633 636
633 663
633 664
633 665
633 666
633 696
633 697
633 698
633 729
633 998
634 635
634 636
634 637
634 664
634 665
634 666
634 667
634 668
634 697
634 698
634 699
635 636
635 637
635 638
635 665
635 666
635 668
635 669
635 698
635 699
635 700
635 731
635 737
636 637
636 638
636 639
636 661
636 666
636 667
636 668
636 669
636 670
636 699
636 700
636 701
637 638
637 639
637 667
637 668
637 669
637 670
637 671
637 700
637 701
637 702
638 639
638 640
638 668
638 669
638 670
638 671
638 701
638 702
638 703
638 734
639 640
639 641
639 669
639 670
639 671
639 672
639 702
639 703
639 735
639 898
640 641
640 642
640 643
640 669
640 670
640 671
640 672
640 673
640 674
640 702
640 703
640 704
640 705
640 735
640 736
641 642
641 643
641 644
641 670
641 671
641 672
641 673
641 674
641 675
641 703
641 704
641 705
641 706
641 737
642 643
642 644
642 645
642 671
642 672
642 673
642 674
642 675
642 676
642 705
642 706
642 707
642 738
642 852
643 644
643 645
643 646
643 673
643 675
643 676
643 677
643 706
643 707
643 708
643 739
643 847
644 646
644 647
644 670
644 674
644 675
644 676
644 677
644 678
644 707
644 708
644 709
644 740
645 646
645 647
645 648
645 675
645 676
645 677
645 678
645 679
645 708
645 709
645 710
645 741
645 949
646 647
646 648
646 676
646 677
646 678
646 679
646 680
646 709
646 710
646 711
646 742
647 648
647 649
647 650
647 677
647 678
647 679
647 680
647 681
647 710
647 711
647 712
647 743
647 788
648 649
648 650
648 651
648 678
648 679
648 680
648 681
648 682
648 711
648 712
648 713
648 744
648 846
649 650
649 651
649 652
649 679
649 680
649 681
649 682
649 683
649 714
649 745
650 651
650 652
650 653
650 680
650 681
650 682
650 683
650 684
650 713
650 714
650 715
650 746
651 652
651 653
651 654
651 663
651 681
651 682
651 683
651 685
651 714
651 716
651 747
651 979
652 654
652 655
652 682
652 683
652 685
652 686
652 715
652 716
652 717
652 748
653 654
653 655
653 656
653 683
653 685
653 686
653 687
653 716
653 717
653 718
653 729
653 749
653 969
654 655
654 656
654 657
654 684
654 685
654 686
654 687
654 688
654 717
654 718
654 719
654 750
655 656
655 657
655 658
655 669
655 687
655 688
655 718
655 719
655 720
655 723
655 751
656 657
656 658
656 659
656 686
656 687
656 688
656 689
656 690
656 719
656 720
656 721
656 730
656 752
657 658
657 659
657 687
657 688
657 689
657 690
657 691
657 720
657 721
657 722
658 659
658 660
658 661
658 688
658 689
658 690
658 691
658 692
658 721
658 722
658 723
658 754
659 660
659 662
659 689
659 690
659 691
659 692
659 693
659 722
659 723
659 724
659 755
659 844
660 661
660 662
660 663
660 690
660 692
660 693
660 694
660 723
660 724
660 725
660 756
661 662
661 663
661 664
661 691
661 692
661 693
661 694
661 695
661 724
661 726
661 757
662 663
662 664
662 665
662 692
662 693
662 694
662 696
662 725
662 726
662 727
662 758
663 664
663 665
663 666
663 693
663 694
663 695
663 696
663 697
663 727
663 728
663 759
664 665
664 666
664 667
664 694
664 695
664 696
664 697
664 698
664 727
664 728
664 729
664 760
665 666
665 667
665 668
665 695
665 696
665 697
665 698
665 699
665 728
665 729
665 730
665 761
666 667
666 668
666 669
666 696
666 697
666 698
666 700
666 730
666 731
666 762
666 978
667 668
667 669
667 670
667 697
667 698
667 699
667 700
667 701
667 730
667 731
667 732
667 763
667 907
668 669
668 670
668 671
668 698
668 699
668 700
668 702
668 731
668 732
668 733
669 670
669 699
669 700
669 701
669 702
669 703
669 732
669 733
669 734
669 765
669 1015
670 671
670 672
670 700
670 701
670 702
670 703
670 734
670 735
670 766
670 813
671 672
671 673
671 701
671 702
671 703
671 704
671 735
671 767
672 673
672 674
672 675
672 701
672 702
672 703
672 705
672 706
672 735
672 736
672 737
672 767
672 768
672 902
673 675
673 702
673 703
673 704
673 705
673 706
673 707
673 735
673 736
673 737
673 738
673 769
674 675
674 676
674 677
674 703
674 704
674 705
674 706
674 707
674 737
674 738
674 739
674 770
675 676
675 677
675 678
675 705
675 706
675 707
675 708
675 709
675 733
675 738
675 739
675 740
675 771
676 677
676 678
676 679
676 706
676 707
676 708
676 709
676 710
676 739
676 740
676 741
676 763
676 772
676 866
677 678
677 679
677 707
677 708
677 709
677 710
677 711
677 740
677 742
677 773
678 679
678 680
678 681
678 708
678 709
678 710
678 711
678 712
678 741
678 742
678 743
678 774
678 999
679 680
679 681
679 682
679 709
679 710
679 711
679 712
679 713
679 742
679 743
679 744
679 775
680 681
680 682
680 683
680 710
680 711
680 712
680 713
680 714
680 743
680 744
680 745
680 776
681 682
681 683
681 684
681 711
681 712
681 713
681 714
681 715
681 744
681 745
681 746
681 777
682 683
682 684
682 685
682 712
682 713
682 714
682 715
682 716
682 745
682 746
682 747
682 778
682 808
683 684
683 685
683 686
683 713
683 714
683 715
683 717
683 746
683 747
683 748
683 779
683 841
683 944
684 685
684 686
684 687
684 714
684 715
684 716
684 717
684 718
684 747
684 748
684 749
684 780
685 686
685 687
685 688
685 715
685 716
685 717
685 718
685 719
685 748
685 749
685 750
685 781
686 687
686 688
686 689
686 716
686 717
686 718
686 719
686 749
686 750
686 751
686 782
686 1003
687 688
687 689
687 690
687 718
687 719
687 720
687 721
687 739
687 750
687 751
687 783
688 689
688 691
688 718
688 719
688 720
688 721
688 722
688 751
688 752
688 753
688 784
688 939
689 690
689 692
689 719
689 720
689 721
689 723
689 752
689 753
689 754
689 785
690 691
690 692
690 693
690 720
690 721
690 722
690 723
690 724
690 753
690 754
690 755
690 786
690 1003
691 692
691 693
691 721
691 722
691 723
691 742
691 754
691 755
691 756
691 787
691 968
692 693
692 694
692 695
692 722
692 723
692 724
692 725
692 726
692 755
692 756
692 757
692 788
693 694
693 695
693 696
693 723
693 724
693 725
693 726
693 727
693 744
693 756
693 757
693 758
693 789
694 695
694 696
694 697
694 724
694 725
694 726
694 727
694 728
694 757
694 758
694 759
694 790
695 696
695 697
695 698
695 725
695 726
695 727
695 728
695 729
695 758
695 759
695 760
695 791
696 697
696 698
696 699
696 726
696 727
696 728
696 729
696 730
696 759
696 760
696 761
696 792
697 698
697 699
697 700
697 727
697 728
697 729
697 730
697 731
697 760
697 761
697 762
697 793
698 699
698 700
698 701
698 728
698 729
698 730
698 731
698 732
698 748
698 761
698 762
698 763
698 794
699 700
699 701
699 702
699 730
699 731
699 732
699 762
699 763
699 795
700 701
700 702
700 703
700 730
700 731
700 732
700 733
700 734
700 763
700 764
700 765
700 796
701 703
701 731
701 732
701 733
701 734
701 735
701 764
701 765
701 797
701 860
701 895
702 703
702 704
702 732
702 733
702 734
702 735
702 766
702 767
702 798
702 977
703 704
703 705
703 734
703 735
703 766
703 767
703 799
704 705
704 706
704 707
704 733
704 734
704 735
704 736
704 737
704 738
704 766
704 767
704 768
704 769
704 799
704 800
704 841
705 706
705 707
705 708
705 734
705 735
705 736
705 737
705 738
705 739
705 767
705 769
705 770
705 801
705 946
706 707
706 708
706 709
706 735
706 736
706 737
706 738
706 739
706 740
706 766
706 769
706 770
706 771
706 802
707 708
707 709
707 710
707 738
707 739
707 740
707 741
707 770
707 771
707 772
707 803
708 709
708 710
708 711
708 738
708 739
708 740
708 741
708 742
708 771
708 772
708 804
709 710
709 711
709 712
709 739
709 740
709 741
709 742
709 743
709 772
709 773
709 774
709 805
710 711
710 713
710 740
710 741
710 742
710 743
710 744
710 773
710 774
710 775
710 806
711 712
711 714
711 741
711 742
711 743
711 745
711 774
711 807
712 713
712 715
712 742
712 743
712 744
712 745
712 775
712 776
712 777
712 808
712 995
713 714
713 715
713 716
713 743
713 744
713 745
713 746
713 747
713 776
713 777
713 900
713 1021
714 715
714 716
714 717
714 744
714 745
714 747
714 748
714 777
714 778
714 779
714 940
715 716
715 717
715 718
715 745
715 746
715 747
715 748
715 749
715 778
715 779
715 780
715 811
715 906
716 717
716 718
716 719
716 746
716 747
716 748
716 749
716 750
716 779
716 780
716 781
716 812
717 718
717 719
717 720
717 747
717 748
717 749
717 750
717 751
717 780
717 781
717 782
717 813
717 879
718 719
718 721
718 748
718 750
718 751
718 752
718 781
718 782
718 783
718 785
718 900
718 997
719 720
719 721
719 722
719 749
719 750
719 751
719 752
719 753
719 782
719 784
719 815
719 876
720 721
720 722
720 723
720 750
720 752
720 753
720 754
720 783
720 784
720 785
720 816
721 722
721 723
721 724
721 751
721 752
721 753
721 754
721 755
721 784
721 785
721 817
722 724
722 725
722 752
722 753
722 754
722 755
722 756
722 776
722 785
722 786
722 787
722 818
723 724
723 725
723 726
723 753
723 754
723 755
723 756
723 757
723 786
723 787
723 788
723 819
724 725
724 726
724 754
724 755
724 756
724 757
724 758
724 787
724 788
724 789
724 807
724 820
725 726
725 727
725 728
725 755
725 756
725 757
725 758
725 759
725 788
725 789
725 790
725 821
725 957
726 727
726 728
726 729
726 756
726 757
726 758
726 759
726 760
726 789
726 790
726 791
726 822
727 728
727 729
727 730
727 745
727 757
727 758
727 759
727 760
727 761
727 790
727 791
727 823
728 729
728 730
728 731
728 758
728 759
728 760
728 761
728 762
728 791
728 792
728 793
729 730
729 731
729 732
729 759
729 760
729 761
729 762
729 763
729 792
729 793
729 794
729 825
729 902
730 731
730 732
730 733
730 760
730 761
730 762
730 763
730 764
730 793
730 794
730 795
730 826
731 732
731 733
731 734
731 761
731 762
731 763
731 764
731 765
731 794
731 795
731 796
731 827
732 733
732 734
732 735
732 762
732 763
732 764
732 765
732 766
732 796
732 828
733 734
733 735
733 748
733 763
733 764
733 765
733 766
733 767
733 796
733 798
733 829
734 735
734 736
734 764
734 765
734 766
734 767
734 797
734 798
734 799
734 830
734 853
735 736
735 737
735 765
735 766
735 767
735 768
735 798
735 831
736 738
736 765
736 766
736 767
736 768
736 769
736 770
736 798
736 799
736 800
736 801
736 832
737 738
737 739
737 740
737 767
737 768
737 769
737 770
737 771
737 799
737 801
737 802
737 833
737 963
738 739
738 740
738 741
738 767
738 768
738 769
738 770
738 771
738 772
738 801
738 802
738 803
738 834
739 740
739 741
739 742
739 769
739 770
739 771
739 772
739 773
739 802
739 803
739 804
740 741
740 743
740 770
740 771
740 772
740 773
740 774
740 803
740 804
740 805
740 836
741 742
741 743
741 744
741 771
741 772
741 773
741 774
741 775
741 804
741 805
741 806
741 837
742 745
742 772
742 773
742 774
742 775
742 776
742 805
742 806
742 807
742 838
742 933
743 744
743 746
743 773
743 774
743 775
743 776
743 777
743 806
743 807
743 808
743 839
743 858
743 935
744 746
744 774
744 775
744 776
744 777
744 778
744 783
744 808
744 809
744 819
744 840
745 746
745 747
745 748
745 775
745 777
745 778
745 779
745 799
745 808
745 809
745 810
745 841
746 748
746 749
746 776
746 778
746 779
746 780
746 809
746 810
746 811
746 842
746 953
747 748
747 749
747 750
747 777
747 778
747 779
747 780
747 781
747 810
747 811
747 812
747 843
748 749
748 750
748 751
748 779
748 782
748 800
748 811
748 812
748 813
748 844
749 750
749 751
749 752
749 779
749 781
749 782
749 783
749 812
749 813
749 814
749 845
750 751
750 752
750 753
750 780
750 781
750 782
750 783
750 784
750 813
750 814
750 815
750 846
751 752
751 753
751 754
751 782
751 783
751 784
751 785
751 814
751 815
751 816
751 847
752 753
752 754
752 755
752 782
752 783
752 784
752 785
752 786
752 815
752 816
752 817
752 823
752 848
752 967
753 754
753 755
753 783
753 784
753 785
753 786
753 787
753 816
753 817
753 818
753 849
753 955
754 755
754 756
754 757
754 784
754 785
754 786
754 787
754 788
754 817
754 818
754 819
754 850
755 756
755 757
755 758
755 785
755 786
755 787
755 788
755 789
755 818
755 819
755 820
755 851
755 904
756 757
756 758
756 759
756 786
756 787
756 788
756 789
756 790
756 819
756 820
756 821
756 852
757 758
757 759
757 760
757 787
757 788
757 789
757 790
757 791
757 820
757 821
757 822
757 853
758 759
758 760
758 761
758 788
758 789
758 790
758 791
758 792
758 821
758 822
758 823
758 854
758 982
759 760
759 761
759 789
759 790
759 791
759 792
759 793
759 822
759 823
759 824
759 855
759 862
760 761
760 762
760 763
760 790
760 791
760 792
760 793
760 794
760 823
760 824
760 825
760 856
760 952
761 762
761 763
761 764
761 791
761 792
761 793
761 794
761 795
761 824
761 825
761 826
761 857
762 763
762 764
762 765
762 792
762 793
762 794
762 796
762 825
762 826
762 827
762 858
763 765
763 766
763 793
763 794
763 795
763 796
763 797
763 826
763 827
763 828
763 859
764 765
764 766
764 767
764 794
764 795
764 796
764 797
764 798
764 827
764 828
764 829
764 860
765 766
765 767
765 795
765 796
765 797
765 798
765 799
765 828
765 829
765 830
765 861
765 907
766 767
766 768
766 796
766 797
766 798
766 799
766 829
766 830
766 831
766 862
766 903
767 768
767 769
767 797
767 798
767 799
767 800
767 830
767 831
767 863
768 769
768 770
768 771
768 797
768 798
768 799
768 800
768 801
768 830
768 831
768 832
768 833
768 863
769 770
769 771
769 772
769 798
769 799
769 800
769 801
769 802
769 803
769 831
769 832
769 833
769 865
770 771
770 772
770 773
770 799
770 800
770 801
770 802
770 803
770 814
770 834
770 835
771 772
771 773
771 774
771 801
771 802
771 803
771 804
771 805
771 834
771 835
771 836
771 867
772 773
772 774
772 803
772 804
772 835
772 836
772 837
772 868
772 926
773 774
773 775
773 776
773 803
773 804
773 805
773 806
773 807
773 836
773 837
773 838
773 869
773 1009
774 775
774 777
774 804
774 806
774 807
774 808
774 837
774 839
774 870
774 914
775 776
775 777
775 805
775 806
775 807
775 808
775 809
775 838
775 839
775 840
775 871
776 777
776 779
776 806
776 807
776 808
776 809
776 810
776 839
776 840
776 841
776 872
776 934
777 778
777 779
777 780
777 807
777 808
777 809
777 810
777 811
777 840
777 841
777 842
777 873
778 779
778 781
778 808
778 809
778 810
778 811
778 812
778 842
778 874
779 780
779 781
779 782
779 809
779 810
779 811
779 812
779 813
779 842
779 843
779 844
779 875
780 781
780 782
780 783
780 810
780 811
780 812
780 814
780 843
780 845
780 876
781 782
781 783
781 784
781 811
781 812
781 813
781 814
781 815
781 844
781 845
781 846
781 877
782 783
782 784
782 812
782 813
782 814
782 815
782 816
782 845
782 846
782 847
782 878
783 784
783 785
783 786
783 813
783 815
783 816
783 817
783 846
783 847
783 848
783 879
783 942
784 785
784 786
784 787
784 814
784 815
784 816
784 817
784 818
784 847
784 848
784 849
784 880
785 786
785 787
785 788
785 815
785 816
785 817
785 818
785 819
785 848
785 849
785 850
785 881
786 787
786 788
786 789
786 816
786 817
786 819
786 820
786 849
786 850
786 851
786 882
787 788
787 789
787 790
787 817
787 818
787 819
787 820
787 821
787 850
787 851
787 852
787 883
788 789
788 790
788 791
788 818
788 819
788 820
788 821
788 851
788 852
788 853
788 884
788 920
789 790
789 791
789 792
789 819
789 820
789 821
789 822
789 823
789 852
789 853
789 854
789 885
790 791
790 792
790 793
790 820
790 821
790 822
790 823
790 824
790 854
790 886
790 962
791 792
791 793
791 794
791 821
791 822
791 823
791 824
791 825
791 854
791 855
791 856
791 887
791 968
792 793
792 794
792 795
792 822
792 823
792 824
792 825
792 855
792 856
792 857
792 888
792 957
793 794
793 795
793 796
793 823
793 824
793 825
793 826
793 827
793 856
793 857
793 889
794 795
794 796
794 797
794 824
794 825
794 826
794 827
794 828
794 857
794 858
794 859
794 890
795 796
795 797
795 798
795 825
795 826
795 827
795 828
795 829
795 858
795 859
795 860
795 891
796 797
796 798
796 799
796 827
796 828
796 829
796 830
796 859
796 860
796 861
796 892
797 798
797 799
797 827
797 829
797 830
797 831
797 860
797 861
797 862
797 893
798 799
798 800
798 828
798 829
798 830
798 831
798 861
798 862
798 863
798 894
799 800
799 801
799 829
799 830
799 831
799 832
799 862
799 863
799 885
799 895
800 801
800 802
800 803
800 830
800 831
800 832
800 833
800 834
800 862
800 863
800 864
800 865
800 895
800 896
801 802
801 803
801 804
801 830
801 831
801 833
801 834
801 835
801 863
801 864
801 865
801 890
801 897
802 803
802 804
802 805
802 831
802 832
802 833
802 834
802 835
802 850
802 865
802 867
802 898
803 804
803 805
803 806
803 833
803 835
803 836
803 837
803 866
803 867
803 868
803 899
804 805
804 806
804 807
804 836
804 837
804 867
804 868
804 869
804 900
804 964
805 806
805 807
805 808
805 835
805 836
805 837
805 838
805 839
805 868
805 869
805 870
805 901
806 807
806 808
806 809
806 836
806 837
806 838
806 839
806 840
806 870
806 871
806 902
807 808
807 809
807 810
807 837
807 838
807 839
807 840
807 841
807 870
807 872
808 809
808 810
808 811
808 825
808 838
808 839
808 840
808 842
808 871
808 872
808 873
808 904
809 810
809 811
809 839
809 840
809 841
809 842
809 843
809 872
809 873
809 874
809 905
809 1021
810 812
810 813
810 840
810 841
810 842
810 843
810 844
810 873
810 874
810 875
810 906
811 812
811 813
811 814
811 842
811 843
811 844
811 845
811 874
811 875
811 876
811 895
811 907
812 813
812 814
812 815
812 828
812 843
812 844
812 845
812 875
812 876
812 877
812 908
813 814
813 815
813 816
813 843
813 844
813 845
813 847
813 876
813 877
813 878
813 909
814 815
814 816
814 817
814 844
814 845
814 847
814 848
814 877
814 878
814 879
815 816
815 817
815 818
815 845
815 846
815 847
815 848
815 849
815 878
815 879
815 880
815 911
816 817
816 818
816 819
816 822
816 846
816 847
816 848
816 849
816 850
816 879
816 880
816 881
816 912
817 818
817 819
817 820
817 847
817 848
817 849
817 850
817 851
817 880
817 881
817 882
817 899
817 989
818 819
818 820
818 821
818 848
818 849
818 850
818 851
818 852
818 881
818 882
818 883
818 914
818 1010
819 820
819 821
819 849
819 851
819 852
819 883
819 884
819 915
819 985
820 821
820 822
820 823
820 850
820 851
820 852
820 884
820 885
820 916
821 822
821 823
821 824
821 851
821 852
821 853
821 854
821 855
821 884
821 885
821 886
821 917
822 823
822 824
822 825
822 852
822 853
822 854
822 855
822 856
822 885
822 886
822 887
822 918
823 824
823 825
823 826
823 853
823 854
823 855
823 856
823 886
823 887
823 888
823 919
824 825
824 826
824 827
824 854
824 855
824 856
824 857
824 858
824 887
824 888
824 889
825 826
825 827
825 828
825 855
825 856
825 857
825 858
825 859
825 889
825 921
826 827
826 828
826 829
826 856
826 857
826 889
826 890
826 891
826 897
826 922
826 990
827 828
827 830
827 857
827 858
827 859
827 860
827 861
827 890
827 891
827 923
828 829
828 830
828 831
828 858
828 859
828 861
828 862
828 891
828 892
828 893
828 993
829 830
829 831
829 859
829 860
829 862
829 863
829 893
829 894
829 966
830 831
830 832
830 861
830 862
830 863
830 893
830 894
830 895
830 926
831 832
831 833
831 861
831 863
831 864
831 894
831 895
831 927
832 833
832 834
832 835
832 863
832 864
832 866
832 894
832 895
832 896
832 927
832 928
832 1018
833 834
833 835
833 836
833 862
833 863
833 864
833 865
833 866
833 867
833 895
833 896
833 897
833 898
833 929
834 835
834 836
834 837
834 863
834 864
834 865
834 866
834 867
834 868
834 890
834 897
834 899
834 930
835 836
835 837
835 838
835 865
835 866
835 867
835 868
835 869
835 898
835 899
835 900
835 931
836 837
836 838
836 839
836 866
836 867
836 868
836 869
836 870
836 899
836 901
836 932
837 838
837 839
837 840
837 867
837 868
837 869
837 870
837 871
837 900
837 901
837 933
838 839
838 840
838 841
838 868
838 869
838 870
838 871
838 872
838 901
838 902
838 903
838 934
839 840
839 841
839 842
839 870
839 871
839 872
839 873
839 902
839 903
839 904
839 935
840 842
840 843
840 870
840 871
840 872
840 873
840 874
840 903
840 904
840 905
840 936
841 843
841 844
841 871
841 872
841 873
841 875
841 904
841 905
841 906
841 937
842 844
842 845
842 857
842 872
842 874
842 875
842 876
842 905
842 906
842 907
842 938
843 844
843 845
843 846
843 873
843 874
843 875
843 876
843 877
843 906
843 907
843 908
843 939
844 845
844 846
844 847
844 874
844 875
844 876
844 877
844 878
844 907
844 908
844 909
844 940
845 848
845 875
845 876
845 877
845 878
845 879
845 908
845 909
845 923
845 941
846 847
846 848
846 849
846 863
846 876
846 877
846 878
846 879
846 880
846 909
846 910
846 911
846 942
847 848
847 849
847 850
847 877
847 878
847 879
847 880
847 881
847 910
847 911
847 912
847 943
848 849
848 850
848 851
848 867
848 878
848 879
848 880
848 881
848 882
848 911
848 912
848 913
848 930
848 944
849 850
849 851
849 852
849 879
849 880
849 881
849 883
849 912
849 913
849 914
849 945
850 851
850 852
850 860
850 880
850 881
850 882
850 883
850 884
850 913
850 914
850 915
850 946
851 852
851 853
851 854
851 881
851 882
851 883
851 884
851 885
851 915
851 916
851 947
852 853
852 854
852 855
852 882
852 883
852 884
852 885
852 886
852 915
852 916
852 917
852 948
853 854
853 855
853 856
853 883
853 884
853 885
853 886
853 887
853 916
853 917
853 918
853 949
854 855
854 856
854 857
854 884
854 886
854 887
854 888
854 917
854 918
854 919
854 1015
855 856
855 857
855 885
855 886
855 887
855 888
855 889
855 918
855 919
855 951
855 972
856 857
856 858
856 859
856 883
856 886
856 887
856 888
856 889
856 890
856 919
856 920
856 921
856 952
857 858
857 859
857 887
857 888
857 889
857 890
857 891
857 920
857 921
857 953
858 859
858 860
858 861
858 888
858 890
858 891
858 921
858 922
858 923
858 935
858 954
858 997
859 860
859 861
859 862
859 889
859 890
859 891
859 892
859 893
859 922
859 923
859 924
860 861
860 863
860 890
860 891
860 892
860 893
860 894
860 923
860 924
860 925
860 956
861 862
861 863
861 891
861 892
861 893
861 894
861 895
861 925
861 926
861 946
861 957
862 863
862 864
862 885
862 892
862 893
862 894
862 895
862 925
862 926
862 927
862 958
863 864
863 865
863 893
863 894
863 895
863 896
863 926
863 927
864 865
864 866
864 867
864 893
864 894
864 895
864 896
864 897
864 926
864 927
864 928
864 959
864 960
865 866
865 867
865 868
865 894
865 895
865 896
865 897
865 898
865 927
865 929
865 930
865 961
866 867
866 868
866 869
866 895
866 896
866 897
866 898
866 899
866 900
866 929
866 930
866 931
866 962
867 868
867 869
867 870
867 897
867 898
867 899
867 900
867 901
867 930
867 931
867 932
868 869
868 870
868 871
868 898
868 899
868 900
868 901
868 902
868 931
868 933
868 964
869 870
869 871
869 872
869 899
869 901
869 902
869 903
869 911
869 933
869 934
869 965
870 871
870 872
870 873
870 900
870 901
870 902
870 903
870 933
870 934
870 935
870 966
871 872
871 873
871 874
871 902
871 904
871 905
871 934
871 935
871 936
871 967
872 873
872 874
872 875
872 902
872 904
872 905
872 906
872 936
872 937
872 968
873 874
873 875
873 903
873 904
873 905
873 907
873 937
873 938
873 969
874 875
874 876
874 877
874 904
874 905
874 906
874 907
874 908
874 937
874 938
874 939
874 970
875 876
875 877
875 878
875 905
875 907
875 908
875 909
875 938
875 939
875 940
875 971
875 1019
876 877
876 878
876 879
876 883
876 900
876 906
876 907
876 908
876 909
876 939
876 940
876 941
876 1019
877 878
877 879
877 880
877 907
877 908
877 909
877 910
877 911
877 940
877 941
877 942
877 973
878 879
878 880
878 881
878 908
878 909
878 910
878 911
878 912
878 941
878 942
878 943
878 974
879 880
879 881
879 882
879 909
879 910
879 911
879 912
879 913
879 943
879 975
880 881
880 882
880 883
880 910
880 911
880 912
880 913
880 943
880 944
880 945
880 976
881 882
881 883
881 884
881 911
881 912
881 913
881 914
881 915
881 944
881 945
881 977
882 883
882 884
882 885
882 912
882 913
882 914
882 915
882 945
882 946
882 947
882 978
882 984
883 884
883 885
883 886
883 913
883 915
883 916
883 917
883 946
883 947
883 948
883 979
884 885
884 886
884 887
884 914
884 915
884 916
884 917
884 918
884 947
884 949
884 965
884 980
885 886
885 887
885 888
885 915
885 916
885 917
885 918
885 919
885 948
885 949
885 950
885 981
886 887
886 888
886 889
886 916
886 917
886 918
886 919
886 920
886 949
886 950
886 951
886 982
887 888
887 889
887 890
887 917
887 918
887 919
887 920
887 921
887 950
887 951
887 983
888 889
888 890
888 891
888 918
888 919
888 920
888 921
888 922
888 951
888 952
888 953
888 984
889 890
889 891
889 892
889 919
889 920
889 921
889 922
889 923
889 952
889 954
889 959
889 985
890 891
890 892
890 893
890 920
890 921
890 923
890 924
890 953
890 954
890 955
890 986
891 892
891 893
891 894
891 921
891 922
891 923
891 924
891 925
891 954
891 955
891 956
891 987
892 893
892 894
892 895
892 922
892 923
892 924
892 925
892 926
892 955
892 956
892 957
892 988
893 894
893 895
893 923
893 924
893 925
893 926
893 927
893 956
893 957
893 958
893 989
894 895
894 896
894 924
894 925
894 926
894 927
894 958
894 959
894 990
895 896
895 897
895 925
895 926
895 927
895 958
895 991
895 1013
896 897
896 898
896 899
896 925
896 926
896 927
896 928
896 929
896 930
896 958
896 959
896 960
896 961
896 991
896 992
897 898
897 899
897 900
897 926
897 927
897 928
897 929
897 931
897 959
897 960
897 961
897 962
897 993
897 995
898 899
898 900
898 901
898 927
898 928
898 929
898 930
898 931
898 932
898 961
898 962
898 963
898 994
899 900
899 901
899 902
899 929
899 930
899 931
899 932
899 933
899 962
899 964
899 977
899 995
900 901
900 902
900 921
900 930
900 931
900 932
900 933
900 963
900 965
900 996
901 902
901 903
901 904
901 931
901 932
901 933
901 934
901 935
901 964
901 965
901 966
901 997
902 903
902 904
902 905
902 932
902 933
902 934
902 935
902 936
902 965
902 966
902 967
902 998
903 904
903 905
903 906
903 933
903 934
903 935
903 936
903 937
903 966
903 967
903 968
904 906
904 907
904 934
904 935
904 936
904 938
904 967
904 969
904 1000
905 906
905 907
905 908
905 935
905 936
905 937
905 938
905 939
905 968
905 969
905 970
905 1001
906 907
906 908
906 909
906 936
906 937
906 938
906 939
906 940
906 970
906 971
906 1002
907 908
907 909
907 937
907 938
907 939
907 940
907 941
907 970
907 1003
908 909
908 910
908 911
908 938
908 939
908 940
908 941
908 942
908 971
908 972
908 973
908 1004
909 910
909 911
909 912
909 939
909 940
909 941
909 942
909 943
909 972
909 973
909 974
909 1005
909 1023
910 911
910 913
910 941
910 942
910 943
910 944
910 973
910 974
910 975
910 1006
911 912
911 913
911 914
911 941
911 942
911 943
911 944
911 945
911 974
911 975
911 976
911 1007
912 913
912 914
912 915
912 942
912 943
912 945
912 946
912 975
912 976
912 977
912 1008
913 914
913 915
913 916
913 943
913 944
913 945
913 946
913 947
913 976
913 977
913 978
913 1009
914 915
914 916
914 917
914 944
914 945
914 946
914 947
914 948
914 977
914 979
914 1010
914 1016
915 916
915 917
915 918
915 945
915 946
915 948
915 949
915 978
915 979
915 980
915 1011
916 917
916 918
916 919
916 947
916 948
916 949
916 950
916 979
916 980
916 981
916 1012
917 918
917 919
917 920
917 948
917 949
917 950
917 951
917 980
917 981
917 982
917 1013
917 1022
918 919
918 920
918 921
918 948
918 949
918 950
918 951
918 952
918 981
918 982
918 983
918 1014
919 920
919 921
919 922
919 949
919 950
919 951
919 952
919 953
919 982
919 983
919 984
919 1015
920 921
920 922
920 923
920 950
920 951
920 952
920 953
920 954
920 983
920 984
920 985
920 1016
921 922
921 923
921 951
921 952
921 953
921 954
921 955
921 984
921 985
921 986
921 1017
922 923
922 924
922 952
922 953
922 954
922 955
922 956
922 985
922 986
922 987
922 1018
923 924
923 925
923 926
923 953
923 954
923 955
923 956
923 986
923 987
923 988
923 1019
924 925
924 926
924 927
924 954
924 956
924 957
924 958
924 987
924 988
924 989
924 1020
925 926
925 927
925 955
925 956
925 957
925 958
925 959
925 988
925 990
925 1021
926 927
926 928
926 957
926 958
926 959
926 989
926 990
926 991
926 1022
927 928
927 929
927 957
927 958
927 959
927 960
927 990
927 991
927 1023
928 929
928 930
928 931
928 957
928 960
928 961
928 962
928 990
928 991
928 992
928 993
928 1023
929 930
929 931
929 932
929 958
929 959
929 960
929 961
929 962
929 963
929 991
929 992
929 993
929 994
930 932
930 933
930 959
930 960
930 962
930 963
930 964
930 993
930 994
930 995
931 932
931 933
931 934
931 961
931 962
931 963
931 964
931 965
931 994
931 995
931 996
932 934
932 935
932 962
932 963
932 964
932 965
932 966
932 994
932 995
932 996
933 934
933 935
933 936
933 963
933 964
933 965
933 966
933 967
933 997
933 998
934 935
934 936
934 937
934 964
934 965
934 966
934 967
934 968
934 997
934 998
935 937
935 938
935 965
935 966
935 967
935 968
935 969
935 999
935 1000
936 937
936 938
936 939
936 967
936 968
936 970
936 999
936 1000
936 1001
936 1022
937 938
937 939
937 940
937 967
937 968
937 969
937 970
937 971
937 1000
937 1001
937 1002
938 939
938 940
938 941
938 968
938 969
938 970
938 971
938 972
938 1001
938 1002
938 1003
939 940
939 941
939 942
939 969
939 970
939 971
939 972
939 973
939 1002
939 1003
939 1004
940 941
940 942
940 943
940 970
940 971
940 972
940 974
940 1003
940 1004
940 1005
941 942
941 943
941 944
941 971
941 972
941 973
941 974
941 975
941 1004
941 1005
941 1006
942 943
942 944
942 945
942 972
942 973
942 974
942 976
942 1007
943 944
943 945
943 946
943 973
943 974
943 975
943 976
943 977
943 1006
943 1007
943 1008
944 945
944 946
944 947
944 974
944 975
944 976
944 977
944 978
944 1007
944 1008
944 1009
945 946
945 947
945 948
945 975
945 976
945 977
945 978
945 1008
945 1009
945 1010
946 947
946 948
946 949
946 959
946 976
946 977
946 979
946 980
946 1009
946 1011
947 949
947 950
947 977
947 978
947 979
947 980
947 981
947 1010
947 1011
947 1012
948 949
948 950
948 951
948 978
948 979
948 980
948 981
948 982
948 1011
948 1012
948 1013
949 950
949 951
949 952
949 979
949 980
949 981
949 982
949 983
949 1012
949 1013
949 1014
950 951
950 952
950 953
950 980
950 981
950 982
950 983
950 984
950 1013
950 1014
950 1015
951 952
951 953
951 954
951 981
951 982
951 983
951 984
951 985
951 1014
952 953
952 954
952 955
952 982
952 984
952 985
952 986
952 1015
952 1017
953 954
953 955
953 956
953 984
953 985
953 986
953 987
953 1016
953 1017
953 1018
954 955
954 956
954 957
954 984
954 985
954 986
954 987
954 988
954 1018
954 1019
955 956
955 957
955 958
955 985
955 986
955 987
955 988
955 989
955 1018
955 1019
955 1020
956 957
956 958
956 959
956 986
956 987
956 988
956 989
956 990
956 1019
956 1020
956 1021
957 958
957 959
957 987
957 988
957 990
957 991
957 1020
957 1021
958 959
958 960
958 988
958 989
958 990
958 991
958 1021
958 1022
958 1023
959 960
959 989
959 990
959 991
959 992
959 1022
959 1023
960 961
960 962
960 963
960 989
960 990
960 991
960 992
960 993
960 1022
960 1023
961 962
961 963
961 964
961 990
961 991
961 992
961 993
961 994
961 995
961 1023
962 963
962 964
962 965
962 991
962 992
962 993
962 994
962 995
962 996
963 964
963 965
963 966
963 993
963 994
963 995
963 996
963 997
964 965
964 966
964 967
964 994
964 995
964 996
964 997
964 998
965 966
965 967
965 968
965 995
965 996
965 997
965 998
965 999
966 967
966 968
966 969
966 996
966 997
966 998
966 999
966 1000
967 968
967 969
967 970
967 998
967 999
967 1000
967 1001
968 969
968 970
968 971
968 998
968 1000
968 1001
968 1002
969 970
969 971
969 972
969 999
969 1000
969 1001
969 1002
969 1003
970 971
970 973
970 1000
970 1001
970 1002
970 1003
970 1004
971 972
971 973
971 974
971 1001
971 1003
971 1004
971 1005
972 973
972 974
972 975
972 1002
972 1003
972 1005
972 1006
973 974
973 975
973 976
973 1003
973 1004
973 1005
973 1006
973 1007
974 975
974 976
974 977
974 1004
974 1005
974 1006
974 1007
975 976
975 977
975 978
975 1006
975 1007
975 1009
976 977
976 978
976 979
976 1006
976 1007
976 1008
976 1009
976 1010
977 978
977 979
977 980
977 1007
977 1008
977 1009
977 1011
978 979
978 980
978 981
978 1008
978 1009
978 1010
978 1011
979 981
979 982
979 1009
979 1010
979 1011
979 1013
980 981
980 982
980 983
980 1010
980 1011
980 1012
980 1013
980 1014
981 982
981 983
981 984
981 1011
981 1012
981 1013
981 1014
981 1015
982 983
982 984
982 985
982 1012
982 1013
982 1014
982 1015
982 1016
983 984
983 985
983 1013
983 1014
983 1015
983 1016
983 1017
984 985
984 986
984 987
984 1014
984 1015
984 1016
984 1017
984 1018
985 986
985 987
985 988
985 1015
985 1016
985 1018
986 988
986 989
986 1016
986 1017
986 1018
986 1020
987 988
987 989
987 990
987 1017
987 1018
987 1019
987 1020
987 1021
988 990
988 991
988 1018
988 1019
988 1020
988 1021
988 1022
989 990
989 991
989 1019
989 1020
989 1021
989 1022
989 1023
990 991
990 992
990 1020
990 1021
990 1022
990 1023
991 992
991 993
991 1021
991 1022
991 1023
992 993
992 994
992 995
992 1022
992 1023
993 994
993 995
993 996
993 1022
993 1023
994 995
994 996
994 997
994 1023
995 996
995 997
995 998
996 997
996 998
996 999
996 1016
997 998
997 1000
998 999
998 1000
998 1001
999 1000
999 1001
999 1002
1000 1001
1000 1002
1000 1003
1001 1002
1001 1003
1001 1004
1002 1003
1002 1004
1002 1005
1003 1004
1003 1005
1003 1006
1004 1005
1004 1006
1004 1007
1005 1006
1005 1007
1006 1007
1006 1008
1006 1009
1007 1008
1007 1009
1007 1010
1008 1009
1008 1010
1008 1011
1009 1010
1009 1011
1009 1012
1010 1011
1010 1012
1010 1013
1011 1012
1011 1014
1012 1013
1012 1014
1012 1015
1013 1014
1013 1015
1013 1016
1014 1016
1014 1017
1015 1017
1015 1018
1016 1017
1016 1018
1016 1019
1017 1018
1017 1019
1017 1020
1018 1019
1018 1020
1018 1021
1019 1022
1020 1021
1020 1022
1020 1023
1021 1022
1021 1023
1022 1023
