2	-2.5116231952180037
3	-0.4610096023252501
4	-2.7346919474983316
5	-1.594947817502078
6	-3.483777938732613
7	-2.519238236318223
8	-1.7812958766694214
9	-3.4138704775151054
10	-3.1339672555149654
11	-2.7835595816259624
12	-0.0331868352784459
13	-1.2414284666781827
14	-3.0413158992600398
15	-2.3392616126952
16	-5.980714744657039
17	-0.8245380835299194
18	-1.567346356353319
20	-0.9127786525970494
21	-2.5308843979656825
22	-7.147202572611971
23	-0.7275408521371198
24	-3.0800617204656704
25	-4.622407898643084
26	-3.1167295120295218
27	-3.263512072451465
28	-1.7239643449630102
29	-1.505121956890852
30	-3.647981105857756
31	-1.5880175687644265
32	-2.9310580887262834
33	-4.1663898951926885
34	-3.0055180702321627
35	-5.450718128275572
36	-3.734450962647784
37	-6.2954948675476246
38	-1.2567998493940247
39	-1.4762371938869219
40	-3.116358454395362
41	-1.6917150444391287
42	-3.2830380735018663
43	-1.1692302091980606
44	-1.9375495665186722
45	-2.640099379626755
46	-0.4641969281671864
47	-4.290055589612996
48	-0.8084728789518862
49	-2.299140553301199
50	-0.8521241137376403
51	-4.058865010865818
52	-1.3511593689189618
53	-1.0568373308074472
54	-1.178068300566077
55	-2.776697157297242
56	-2.9812565175696464
57	-1.6500805181273421
58	-0.9282637494044774
59	-0.8702044157513971
60	-2.6321518978185883
61	-3.2406757038945844
62	-0.10012323093602493
63	-3.4891472815741307
64	-5.035421680636466
65	-4.303346545256146
66	-4.1791907293902755
68	-1.3025952418676088
69	-6.084156421746467
70	-3.9748763085540446
71	-5.364284181775103
72	-2.911214246953254
73	-2.199233330854707
74	-2.2101141002916
75	-1.4857680737848467
76	-5.014885060217798
77	-1.7843370105691458
78	-2.279122495433196
79	-1.470113543906335
80	-0.0027454671108060325
81	-3.726998427991264
82	-2.2396084632052125
83	-2.7050232156537817
84	-1.273876249481096
85	-2.5900566981297084
86	-3.0898006096371002
87	-3.7326431046484263
88	-4.369297329732643
89	-4.078373800617195
90	-6.07693966673896
91	-1.7306282851754824
92	-0.8248000945132664
94	-2.6948304575838895
95	-1.4638025880533225
96	-3.2576179460081693
97	-4.714348874683427
98	-3.290428557061282
99	-1.0069797537613274
100	-2.0276134566146826
101	-2.8951353789521677
102	-4.182082643525054
103	-0.8131658757744402
104	-2.8494614031125858
105	-1.3077100599293159
106	-3.814108930003469
107	-2.709085661647661
108	-3.128871514225494
109	-2.125040242065352
110	-1.3100085908323436
111	-1.07425796867667
113	-0.6681323733150597
114	-3.3796452158321624
115	-2.6509628109934518
116	-2.889233741338126
117	-1.3020406827212583
118	-7.62649854819311
119	-2.9698408962740848
120	-4.04797863347366
121	-1.5405125054696076
122	-1.5658464136282342
123	-4.6795518279983455
124	-0.48225989288661386
125	-0.7311085745430748
126	-7.0382380730598975
127	-3.26427781572327
128	-4.143880163944109
129	-5.370121777173868
130	-0.7466403700405071
131	-2.4366791919137256
132	-0.6529254174722661
133	-3.9884853935328213
134	-2.0233284156154667
135	-0.5890937133961172
136	-2.108779455865612
137	-3.534350761870912
139	-2.1586209556765796
140	-2.534183335513851
141	-1.396371758830203
142	-1.3814410045410697
143	-2.7238974121556776
144	-1.5600269325316012
145	-3.164929137321506
146	-0.5398702150799417
147	-0.5800540819584241
148	-2.030022321683135
149	-4.842601800746909
150	-1.2677704293218641
151	-2.7295223794106267
152	-1.5137617394673126
153	-1.6193138825578681
154	-1.8540269546335593
155	-3.0922706005466116
156	-0.3286473220723265
157	-2.1055236718061883
158	-1.9024551806930863
159	-2.0840056505816764
161	-0.9993027120576763
162	-1.7052967715274716
163	-3.7983974147684396
164	-1.0894125845415306
166	-2.2474588483270894
168	-1.7740893309201013
170	-4.304036883548234
171	-0.8426299226083269
172	-4.279750326504482
173	-2.6600375035034842
174	-0.9622255243765347
175	-6.36062617539318
176	-2.1597001950515438
177	-3.4656344327254183
178	-8.556411418899902
179	-5.7167677369770376
180	-2.2129973807905765
181	-4.658866470000863
182	-3.186605580958142
183	-0.6738699994866824
184	-3.030183231715881
185	-1.7313008342844576
186	-5.430779607414478
187	-2.2926259141772025
189	-5.823304028224093
190	-0.6219509683824795
191	-0.48575361511313575
192	-1.4719402923868685
193	-1.8806282240313175
194	-4.709076609458172
195	-1.0124120902998541
196	-4.3884084091694815
198	-1.3303240058563355
200	-1.5720489582735437
201	-1.3552200583687628
202	-3.4059385025903732
203	-1.98011473618206
204	-3.145809605719156
205	-12.71122973067439
206	-3.993427769034147
207	-2.5332723490319693
208	-2.8890348784954485
209	-0.9885783917581079
210	-0.16268187551524693
211	-1.2640706078179296
212	-3.618780707779848
213	-1.0573922214020492
214	-1.0271212318272418
215	-6.697559047346028
216	-1.1797923877421508
217	-0.7157708770042892
218	-3.942031027449408
219	-2.2441938121251286
220	-0.46591321923054485
223	-1.40367603609029
224	-2.0868550113511404
225	-3.548390096332919
226	-0.44299676016102374
227	-1.1396334953890117
228	-2.3244826825730622
229	-2.8084539028241764
230	-0.946699135869582
231	-1.73834274651763
232	-1.0364286519022907
233	-0.8073845626738039
234	-3.8421809341699587
235	-4.062946899916288
236	-2.2896185131978988
237	-1.6425902436199136
238	-0.7771058810310649
240	-3.9116265821792653
241	-4.2317495881384595
242	-0.9508058501293853
243	-0.5537965635158333
244	-0.9199025843366018
247	-2.4316116804009367
248	-1.8744863427336065
249	-2.614242829991696
250	-2.3849592302037994
251	-1.2127143683855124
252	-6.201325619164502
253	-1.1499824828806362
254	-2.893233992973559
255	-3.8326065932795617
256	-0.3618642411008005
257	-1.1855014233135797
258	-0.3649691779748464
259	-2.7563492062151056
260	-1.4894825557887226
261	-4.927192106877513
262	-4.22502612918217
263	-3.4914940945446378
264	-1.7948080647022089
265	-2.584411336031087
266	-2.6453618553266214
267	-3.4416305072850353
268	-1.2530275268969084
269	-0.3277843238208358
270	-9.30895450221399
271	-1.2161642922573037
273	-0.8564350599332675
274	-1.5484494991889524
275	-2.576652890061334
277	-0.8094498171502611
278	-1.3896730807741697
279	-1.1778595192377794
280	-1.834411794656697
281	-0.338990733001852
282	-4.838692403089165
283	-3.640516821095771
284	-5.193973858496059
285	-1.8054073409619336
286	-4.704237967386968
288	-4.024537340020497
289	-1.6503848483259056
290	-1.3435567734991425
291	-0.8667861199581384
292	0.2234081287323445
293	-2.448547699515471
294	-2.3560055155758
295	-3.6888622433587273
296	-2.329923048637387
297	-1.9855873715144305
298	-2.142025473831377
299	-3.815768622852923
300	-1.4287084385400994
301	-3.3658384462934317
302	-1.7140623930003265
303	-1.5690690983084914
304	-1.0292322291999507
305	-3.4651490705647223
306	-0.641376663799774
307	-0.30073958264500833
308	-2.259535149943346
310	-1.3547874397521726
311	-2.501235273582181
312	-2.311628509269503
313	-0.2327332119726937
314	-2.498392702289779
315	-1.241482149840386
316	-2.543926869210524
317	-1.1883213797324785
318	-0.7822748142848517
319	-5.267450836605642
320	-1.032008151976979
321	-3.597766252851544
322	-1.88625939018534
324	-0.6129628249482519
325	-1.289495663445924
326	-2.6105479581032767
327	-1.1933122871674389
328	-4.213231705729628
329	-5.321517238528964
330	-3.4899920914130425
331	-4.033804023766443
332	-0.39330411314809144
333	-0.9265653207143139
334	-1.9454271254773565
335	-6.596598821353416
336	-1.4937230836668645
337	-1.6633056893773377
338	-1.4446634411105765
339	-1.7292018492233001
340	-4.021577102537186
341	-7.7586581288423915
342	-0.23864583165140396
343	-3.560398186105425
344	-0.3361547071712039
345	-2.4804166033134525
346	-1.4751785399117832
347	-2.33289708282626
348	-2.002089981805378
349	-4.83988093679072
350	-2.977449655672125
351	-0.9703871599807652
352	-1.3413733639314236
353	-2.2527975846415593
354	-0.9212291344867467
355	-1.6218493733794963
356	-1.878760846762641
357	-1.7865401472650442
358	-1.8930812184779113
359	-4.758682884794716
360	-0.7420232504926623
361	-0.57477187791353
362	-5.0457407322987
363	-1.0260455916513727
364	-2.7623308229963968
365	-2.1900050414417205
366	-1.8480093896147407
367	-2.0686943260942803
368	-1.7518154115605507
369	-3.7295389947672426
370	-1.840797075343196
371	-1.6664285896570719
372	-3.4513388365977136
375	-2.4153978942254235
376	-0.6487246224146723
377	-1.9403934814115433
378	-2.9163783237994987
380	-1.205574026338324
382	-4.221816208347269
383	-2.464326239948085
385	-1.5047895208539601
386	-1.7671575305114082
387	-4.214120854744712
388	-5.475973547292426
390	-1.534477382025866
391	-1.066730088599236
392	-3.473161021669246
393	-0.37735642447431783
394	-2.1143683427307036
395	-6.3279209466168735
396	-8.176898429819811
397	-0.7746798873878238
398	-2.233376939810025
399	-4.612810009948308
400	-1.1634243474445136
401	-5.069504801026939
402	0.949974173883583
403	-4.182079126399856
404	-4.315776257160087
405	-1.8211017232409887
406	-5.112056661337326
407	-2.639579659719288
408	-6.395211522297197
409	-0.7940658368460123
410	-4.227304943215952
411	-0.43383902832472976
412	-1.9289644679324311
413	-0.0766839988574437
414	-0.8831443501242076
415	-1.2822969672124211
416	-5.926889631466921
417	-2.4950767502008517
418	-4.0580595664391375
419	-2.993687335869354
420	-1.1838511992922112
421	-1.1135774779994836
423	-2.6321781744883808
424	-2.691655932204415
425	-4.477898622710036
426	-4.721905481299367
427	-1.9478232631928283
428	-1.412310003328424
430	-4.74815930491995
431	-1.978774029184477
432	-1.4181830146470409
433	-4.294086837947362
434	-2.280379983740297
435	-2.1982236072015993
436	-2.959097634741176
437	-2.201087889241654
438	-4.1907794375945615
439	-2.710837856562849
440	-1.3530462101259821
441	-1.329357184635143
442	-0.8194711099509231
443	-1.187797839754545
444	-1.9497880658390916
446	-1.5546871466935297
447	-2.4149755127027848
449	-2.9756164410152013
450	-0.6026468141914355
451	-1.5610761654291097
452	-1.5367631372655113
453	-1.6771410239391575
454	-3.438741072040713
455	-3.2653802926533717
456	-7.930781084067165
457	-0.4417624470444008
458	-1.509959601332509
459	-2.3409718718160883
460	-5.4609508066975305
461	0.4094847284724723
462	-2.8395011450237106
463	-0.6937395193996698
464	-2.0660701465886184
465	-2.670397360327234
466	-3.013130274911264
467	-1.8120596723537907
468	-4.608139027354703
469	-2.2027416081709834
470	-0.9800688524625147
471	-2.6147331480550653
472	-5.014380674519035
473	-1.52330715552659
474	-0.16826202789983058
475	-0.4560631302827528
476	-2.307555938395388
477	-0.8809807269517207
478	-6.2476434702518215
479	-3.0825097706933358
480	-3.168428225227999
481	-3.7696983807005706
482	-1.3665313672157433
484	-2.873129432335606
485	-3.893321746112529
486	-0.5428473978618109
487	-0.7709390258304534
488	-7.297636508647682
489	-1.2780194292312503
490	-2.1328389924536335
491	-2.062796917398643
492	-3.362051834638752
493	-2.2497013017781713
494	-2.80754510226956
495	-0.08746218441545905
496	-3.7111597341335543
497	-1.4033299370283558
498	-0.8225348344763543
499	-0.5427292140864197
500	-1.1647170695297138
501	-0.7570320369667174
502	-3.2500917386534796
503	-0.9106953072234821
504	-1.0893358092359815
506	-0.8396241108526836
507	-4.682831344630063
508	-4.047272443061912
509	-3.5142255632725368
510	-6.326494493895478
511	-1.5057742145849997
512	-3.3219069155981718
513	-3.3226107836457697
514	-0.5854159982045395
515	0.05771754942620366
516	-3.6581794319908076
517	-2.907540428800747
518	-2.4194770155517418
519	-1.871017363549526
520	-0.6463146058728848
521	-1.7489825686500913
523	-3.003743447684564
525	-3.3667326363529426
526	-2.2338630321312074
527	-0.4917798673422884
529	-1.9496348388825
530	-2.405329031614227
531	-1.2527283952997852
532	-1.9984410386417828
533	-0.7766159307303993
534	-1.7606335175198011
535	-1.0349184084109262
536	-0.910815844299852
537	-1.5959580747721396
538	-2.2942671936954775
539	-6.875990547072005
540	-2.2794343009509173
541	-3.9812220256058017
543	-1.7029977564133267
544	-4.073108145533696
545	-1.4410611619353169
546	-2.444639340145801
547	-5.593933009115194
548	-3.630501335099894
549	-2.158069666445891
550	-3.4436427278462887
551	-3.5348777575841774
552	-6.550508999565601
553	-0.8176361822123246
555	-2.009935647385369
556	-1.201147617653788
557	-2.213612830665701
558	-2.6406818925925934
559	-0.7355950560383697
560	-0.9959468238377134
561	-1.9776373947691186
562	-4.207350614691142
563	-5.437567478998487
565	-1.4510196423204222
566	-3.548346083350963
567	-5.93741104160392
568	-0.7320942404945727
569	-3.845066209643674
570	-0.5826107316604143
571	-3.6451560570965413
572	-1.2013942156613449
573	-3.5648705438620754
574	-2.0920262487411976
575	-0.7440726572661199
576	-1.954232793484488
577	-1.0855732483636389
578	-1.4605202144057472
579	-3.7696771512542213
580	-2.4710698492516245
581	-2.9312500833331843
582	-1.4096007373465926
583	-4.631276692522219
584	-3.0995827245689176
585	-0.4632453958379599
586	-2.439971100508438
587	-0.5931836021916375
589	-1.6386896579292782
590	-0.8894608337986997
592	-1.8904393215874857
593	-1.3085510957907378
594	-2.9917084255319715
595	-1.507127913039045
596	-1.934411051034696
598	-0.6087235067026042
601	-1.2778036673307849
602	-0.541760613147916
603	-3.5216322721217947
604	-3.823161262611498
605	-2.419979101670948
606	-1.9168228010944723
607	-3.1874663620394177
608	-4.65542999684876
609	-5.363629717998738
611	0.3379318723015239
612	-3.0971477818368114
613	-1.9619866871220786
614	-0.3117703618006752
616	-0.9594180400769392
617	-3.4813729182815067
618	-2.8352731365191897
619	-1.9977793245623932
620	-2.7218930667222097
621	-1.3312124942531085
622	-1.0745486076395643
623	-2.8008254035707267
624	-2.1826491741707477
625	-2.039934771460315
627	-3.7986193960042285
628	-1.0765759566230175
629	-4.443676936129366
631	-0.8786688398545932
632	-2.6978805838678372
633	-5.302199767357513
634	0.026876437171839074
635	-5.882788162605502
636	-2.44322832147438
637	-1.076950630138228
638	-1.3308464258558144
639	-2.627331215382238
640	-1.4294127838526025
641	-3.851031085055081
642	-4.106517361281426
643	-3.65032423781488
644	-1.862159208925
645	-1.495598839292015
646	-5.428268776746869
647	-3.038661350349157
649	-0.9982215641654504
650	-1.0294523314787416
651	-1.823687595595124
652	-3.746681460178368
654	-2.9738201288881685
655	-0.6605741357844328
656	-1.7413132338108848
657	-2.4284088348669606
658	-1.6562553515636051
659	-2.651465627816852
660	-5.820505780794441
661	-4.859822548427557
662	-2.4656951775099274
663	-6.239388848408725
664	-4.379225760962376
665	-0.9687835835065247
666	-2.3241521689377667
667	-0.35903897846005894
668	-3.508888712792017
669	-1.704156130811175
670	-1.566447797108115
671	-0.7140689378087768
672	-1.7678668214347548
673	-1.4998973146766987
674	-0.3324078441423247
675	-2.84009167125845
676	-1.789526575424702
677	-4.247925801048409
678	-4.902591181898536
679	-2.558968789867743
680	-1.239505520574325
681	-3.127497937668723
682	-1.1514010199650437
683	-2.2834813630751576
684	-0.6905691319841074
685	-2.9311327596968084
686	-0.49084975134913766
687	-2.1885107897789497
688	-3.424564638622228
689	-0.4879377630170618
690	-2.741128604384257
691	-0.2699473520698752
692	-2.0482101775443695
693	-3.2341212290015138
694	-2.5174117320880876
695	-2.6186017323743167
696	-3.6550164344959084
697	-5.876560183804761
698	-2.3158205509921514
699	-3.2212029587788127
700	-3.6214287558996885
701	-2.4162144245769706
702	-2.4940310002456605
703	-0.5758072330499631
704	-1.3370218957380668
705	-1.0002907519938014
706	-3.6526747379024664
707	-5.019284604463547
708	-3.078487186160746
709	-1.4892361454181762
710	-1.3345654092855197
711	-2.5957048708517148
712	-4.328756476735619
713	-0.6967348859326915
714	-5.4328465038068865
715	-1.91531121273228
716	-2.9978477950166154
717	-1.6672695117979266
718	-3.9338992513783824
719	-1.786369014142408
720	-0.7374259731501922
721	-3.3376231739837605
722	-2.7016564695568217
723	-1.0333008690773218
725	-0.27247149391979986
726	-0.8022736348246451
727	-10.255660734524367
728	-2.485628382251989
729	-0.7775213728945785
730	-2.9498248087722043
731	-3.9888619754224197
732	-3.232298931131755
733	-0.5903254300209755
734	-1.6522562182766904
735	-3.5724964218570667
736	-2.6083762179804175
737	-6.825219535998902
738	-4.736654932089724
739	-1.0091645623346623
741	-0.8516624854035115
742	-4.203057429351899
743	-2.0691051938513025
744	-1.7771950418527696
745	-1.9970365828734926
746	0.2682111234956346
747	-3.840754681956073
749	-1.247897835196363
750	-3.543927956671311
751	-1.4665862696273966
752	-4.687737340649355
753	-3.3567465360877895
754	-1.618607012162301
756	-1.1132472123434725
757	-0.5536795885710244
758	-4.730800609135089
759	-0.9982267516911341
760	-1.097881265729608
761	-1.5279214804229047
762	-0.4332732075070087
763	-7.201777989972133
764	-3.251281914377508
765	-5.796348970693948
767	-3.601532436200765
768	-0.20779382464185314
769	-1.3266446432123848
770	-5.788183696346712
771	-0.8058935133814754
772	-3.880267127818022
773	-8.266357459877534
776	-3.2711649505936746
777	-1.3387520263014998
778	-1.8257445158334753
779	-2.2633521827475027
780	-2.169654696347701
781	-2.32168365197363
782	-3.904088295240536
784	-2.9902112982411273
785	-1.0526498624060268
786	-0.21279395683356794
787	-1.3830501931993178
788	-0.8170804008671738
789	-3.336552344362259
790	-3.2784916174960057
791	-5.2516096608313765
792	-4.979156194460573
793	-0.6444362008138502
794	-3.16699774732415
795	-0.472330854122504
797	-4.164939423805366
798	-3.5458048217175255
799	-5.548402308748161
800	-1.929112931065939
801	-1.2254001511195256
802	-1.4473577572926246
804	-1.8879290294933402
805	-2.541605685187579
806	-5.905421284404893
807	-1.0359495976924251
808	-2.9819672059228246
809	-1.547609203155113
810	-2.4945466374940173
812	-0.7867527518449133
813	-3.0526463700260535
814	-3.605540134540187
815	-0.9368893120400643
816	-5.0596871278692825
817	-3.762234748878178
818	-4.768845758839273
819	-2.1470707142628536
820	-3.6248873873873877
821	-2.0598659251492384
822	-3.9686429479176657
823	-1.220820001882469
824	-4.625524931255154
825	-6.444011840625535
826	-0.79706430850579
827	-2.318923664652676
828	-4.685003224589007
829	-5.56557597411899
830	-5.067514028109982
831	-3.3047805778901607
832	-2.9033382008495363
834	-1.5973162059261703
835	-2.199633062054467
836	-0.5891492987132786
837	-5.046904636278369
838	-1.186364470466561
839	-4.722815972707783
840	0.1680206457713237
841	0.7715335797107362
842	-1.317835132449514
843	-3.879409810745713
844	-6.825490809624268
845	-5.334384855735696
846	-1.2088802262713056
847	-3.0570959846922694
848	-3.426928872005649
849	-6.714778792398449
850	-5.423277233428501
851	-2.2284620833846542
852	-1.3905885954166808
853	-1.0455154857211875
854	-1.649944920286912
855	-0.21501362546573755
856	-1.3447345651879787
858	-1.2404496825973828
859	-0.9505934715472519
860	-2.0794718037814013
861	-0.675486212390363
862	-1.4572008707413144
863	-3.204810416063141
864	-2.0644530553472884
865	-1.0585905402315174
868	-5.065002798657234
869	-4.235474154183533
870	-0.8486997433421988
871	-4.161614047597727
873	-0.9729239300769394
874	-0.7031990404621793
875	-1.514680013548483
876	-2.1196362496397265
877	-4.218784407414358
878	-2.1393108658764124
881	-2.9201891583575597
882	-0.20746371139466036
884	-0.7019101728186753
885	-1.0390832134027237
886	-5.944708176704742
887	-1.5490159462879523
888	-1.9673062944999122
889	-4.881462088703065
890	-0.9501531794913743
891	0.2815826555876151
893	-1.175606336116782
895	-2.301127826864329
896	-0.760845079831767
897	-0.7280335585635591
898	-2.2921076776999323
899	-4.508588802810985
900	-2.236172525752379
903	-0.3510762714536376
904	-0.5912261378113711
905	-3.2620029353257163
906	-1.3499650365028184
907	-3.2503402859848958
908	-2.5325839195839714
909	-2.7312927999613685
910	-0.45993471123509344
911	-0.9671538764328735
912	-1.5626507829231469
913	-1.2154071847632357
914	-1.7398794790740904
915	-4.057949232526128
916	-1.6814919275329867
917	-3.2689729592466445
919	-1.363869005443704
920	-4.242035628599561
921	-0.558243632023816
922	-4.9358866754198925
924	-4.753726809511818
925	-6.029423926541625
926	-1.4691172573738236
927	-1.6692443255332445
928	-1.7003742821935957
929	-1.1703291411466066
930	-0.8673772266746457
931	-0.7098683707504709
932	-0.2697629362112075
933	-0.36907336812198943
934	-4.975229382130687
935	-1.0510094334744715
936	-3.7315849623471755
938	-2.509968500135581
939	-0.891685819282118
940	-5.889279416452352
941	-2.354481108399203
942	-6.892189729855909
943	-2.615825289274702
946	-0.3573180009551038
948	-4.698278468758674
949	-2.8229851487554676
950	-0.5182654110907634
951	-5.529333221941862
952	-2.252252933960884
953	-3.042904932815606
954	-1.783041826660712
955	-2.0951226617380083
957	-0.9053670461700121
958	-1.0700414485675775
959	-1.6837280830442989
960	-1.3534118468699174
961	-0.5184756357640803
962	-0.6942603367674962
963	-0.9634875677979933
964	-3.516375572012445
965	-1.4358189515630553
966	-4.769539331939988
967	-4.261848489228079
968	-2.583914433451798
969	-1.0677136355125019
971	-5.018604000243154
972	-3.2161593913542332
975	-5.683163878961634
976	-4.794157619157501
977	0.7492434641348489
978	-4.354957576783772
979	-1.0349466729200378
980	-4.707036530141577
981	-1.9416810220052787
982	-2.7260989903214985
984	-3.8678615310961595
985	-2.890192849564743
986	-2.480667369713647
987	-4.662341212730145
989	-3.473838809500479
990	-0.27322575829688267
991	-0.34289522139688833
993	-2.326590528373801
994	-0.38376222988100595
995	-0.5725989448889299
996	-5.91897206245099
997	-0.8022273571717713
998	-2.08168835383801
999	-1.3707379313894403
1001	-0.25423321109914165
1002	-1.8408365429924
1003	-0.33912506598742986
1004	-3.5598647783086763
1005	-2.631632813312522
1006	1.4196699561789912
1007	-3.59956833074737
1008	0.11389025980356471
1009	-3.321564019096007
1010	-2.572978420035903
1011	-4.526428293605242
1012	-1.8189894797966972
1014	-0.7338248749895261
1015	-4.130734807485161
1016	-4.144771073536436
1017	-1.027850642393123
1018	-2.7795884581127193
1019	-3.364568692346243
1020	-1.606718515118108
1021	-3.6269536862022806
1022	-2.520691534882223
1023	-0.6809962265994949
1024	-5.33340671882456
1025	-3.8764465984374676
1026	-4.324451557585327
1027	-2.280479844144222
1028	-4.385620167806133
1029	-3.47410820157063
1030	-0.40527035665940914
1032	-4.28599549487156
1033	-0.6867390108007255
1034	0.014369548752417804
1035	-4.6120794230351585
1036	-8.87257501225273
1037	-4.697278557972872
1038	-5.294775566315894
1039	-1.119103978066915
1040	-1.6975104639687812
1041	-1.1848974866972137
1042	-5.435159691878788
1044	-3.799123981774583
1046	-2.654576998671267
1047	-1.701890180943955
1049	-1.2537204914395714
1050	-5.0608595991037815
1051	-7.435470991836135
1052	-2.323867956977973
1053	-0.9831800569597349
1054	-1.5715345170196462
1055	-0.3369649604407905
1056	-5.816832359796091
1057	-1.0437625093582565
1058	-2.8477969341533576
1060	-2.95321491105537
1061	-5.985649971391492
1062	-0.2571771697047951
1063	-3.335436613886052
1064	-2.6316102170548126
1065	-0.6748775771600264
1067	-1.05402890178086
1068	-1.3155258806590995
1069	-1.7124567270132893
1070	-4.683441194870029
1071	-1.3793707756631404
1072	-1.1717921985206596
1073	-4.732111748412199
1074	-1.8537489301193817
1075	-4.316149541574638
1076	-3.6249700291414593
1078	-4.283156986541815
1079	-1.2454032735315053
1080	-1.2977375175148336
1081	-1.3076670935932442
1082	-6.067917006089083
1083	-2.4393192180401986
1084	-2.5863024910136154
1085	-3.289979377605256
1086	-0.5637215251374341
1087	-1.8791110367870922
1088	-0.918811060839491
1089	-1.9135479116941456
1090	-7.577710430014177
1091	-2.6453962357815852
1092	-1.955777296688443
1093	-2.755018294838851
1094	-2.470175539370774
1097	-0.3163025660883223
1098	-4.123561881352119
1099	-1.966030319156788
1100	-2.3816864495534125
1101	-3.923135652970066
1102	-0.4202236682454823
1103	-1.262043686018902
1104	-4.203397867362303
1106	-3.384511519498572
1107	-6.2495748594746106
1108	-3.53241038093199
1109	-2.105674137555639
1110	-1.4572060174518509
1111	-3.7208523907776696
1112	-1.4817182146227856
1113	-3.511863219488668
1114	-4.616923667995413
1116	-3.8805959827486225
1118	-2.2282489384120074
1119	-4.981525792861379
1120	-0.5234874312898735
1121	-1.8980387450399252
1122	-2.1264529380581196
1123	-3.0521793978238803
1124	-4.9383279332362635
1125	-4.8661565368450015
1126	-1.1887868475270786
1128	-3.2934998193939213
1130	-1.9550733836030478
1131	-2.2524014076266345
1132	-1.7346768494227034
1133	-2.373678832525069
1134	-2.1158258771445126
1135	-0.32792433056599035
1136	0.20158501387941663
1137	-3.316985750376546
1138	-6.965141779908027
1139	-0.7531553882160706
1140	-2.6673329689292764
1143	-3.2178547550962375
1144	-2.162977046455202
1145	-3.8050524125700393
1146	-4.777114387742293
1147	-1.9240866054146475
1148	-2.831568586430798
1149	-1.6552833682114534
1150	-0.8758602329057601
1151	-1.960618804221708
1152	-1.5328948229352675
1153	-4.19307030056247
1154	-4.019171550079056
1155	-2.78296587291129
1156	-5.51453751128431
1157	-1.0490877510151355
1158	-1.5591719078516963
1159	-2.389486427796294
1160	-6.279122880187469
1161	-4.160199014276268
1163	-0.840318485730982
1164	-3.006001902919442
1165	-4.441524220036813
1166	-1.3653686924336306
1167	-1.8175906873566574
1170	-1.7539012554612334
1171	-2.3504508609091266
1172	-3.581446666284962
1173	-0.4620206763649819
1174	-2.315854722321877
1176	-2.2917607901672037
1177	-5.08687510673049
1178	-0.7451809589893761
1179	-3.179628542288463
1180	-2.9748571069157776
1181	-1.925153159970533
1182	-1.7308705828568391
1183	-1.8971149571335293
1184	-0.6034722144775352
1185	-1.9441647174838115
1186	-10.532552128339495
1187	-3.517986171969479
1188	-2.799350345580889
1189	-0.5733412108015155
1190	-6.740887048415967
1191	-4.581860232173589
1192	-0.7141449715752732
1193	-1.2275157608738332
1194	-5.208706493230499
1195	-1.7569048170060464
1196	-1.9819831942813901
1197	-1.5560977858016145
1198	-1.4354894373158593
1199	-5.015622617605861
1200	-3.739807454180794
1202	-3.7090610726451967
1204	-1.8079771958895638
1205	-10.944444444444443
1206	-2.5782305396093257
1207	-2.407494793380651
1209	-5.5387791623706635
1210	-0.9162527720667312
1211	-2.7753394078162392
1212	-4.66843284442044
1213	-1.268518882063492
1214	-1.102119119454589
1215	-1.5170200636997249
1216	-1.2030877059975629
1217	-1.4557115055814505
1219	-3.8820579628336276
1220	-2.7377798998212626
1221	-2.453437933039379
1222	-1.0279285327719219
1223	-2.1799539093865365
1224	-4.21309230288801
1225	-0.5404446127574505
1226	-2.447283092856915
1228	-2.7281177077446346
1229	-2.0772763629149296
1230	-0.8431892650959594
1231	-3.464441019693206
1232	-4.989564942164837
1233	-1.479897749130374
1234	-1.1959986516492178
1235	-5.535670015496501
1236	-5.320190266218403
1237	-2.4069853344455385
1238	-5.225775715472393
1239	-4.2487623551823095
1240	-1.9202277184419383
1242	-0.898632146735524
1243	-3.405198844068199
1244	-1.3913572549013575
1245	-1.8567750898458422
1246	-0.7700205244672818
1247	-0.9249875099722846
1248	-1.7353384665263882
1249	-6.314602256305296
1253	-1.6819572624524914
1254	-5.000072271545501
1255	-1.5711281064470286
1256	1.415408022995308
1258	-1.1479670328959233
1259	-0.5153807702543023
1261	-1.7787107913302325
1262	-3.4017327866174654
1263	-2.1398057093574745
1264	-2.1010458133782084
1265	-4.334968864595783
1267	-3.1320065977620644
1270	-1.0752547364272822
1271	-0.9998065799567182
1272	-2.363044767416987
1273	-2.628484927447154
1274	-3.917562367416647
1275	-2.4762084836451397
1276	-2.9511952396314993
1277	-0.8781428182716395
1278	-3.953917412689399
1279	-3.950737128411891
1280	-0.8543416235083698
1281	-3.631157128936662
1282	-0.05921010788253778
1283	-4.752650029585081
1284	-3.4519424728829406
1286	-4.107006137211829
1287	-4.324806195722999
1288	-4.083468496225261
1289	-3.4539357311498504
1290	-6.546476460023458
1291	-1.2048420201432426
1292	-5.574515970780526
1293	-2.2034239810702774
1294	-1.8385541848775282
1295	-1.4862448461966555
1296	-1.470556830108911
1298	-3.0966523056709914
1299	-1.3082701566364703
1300	-1.3872122993659188
1301	-1.649291200028755
1302	-4.740958958374513
1303	-3.802853777058489
1304	-5.592433618832075
1305	-2.985573274155958
1308	-1.6262893359298816
1309	0.6119148998496826
1310	-4.272168290158641
1311	-1.9065087761521036
1312	-3.0754027226023037
1313	-2.5809961671059787
1315	-2.7464322622217328
1316	-2.360590628983459
1318	-4.725056397701235
1319	-4.030329686847532
1321	-4.164727496520771
1322	-2.051583585546603
1323	-2.484067972497633
1324	-3.358802071566765
1325	-3.585959035564425
1327	-0.25492384301163806
1329	-5.786047569838669
1330	-3.011307654054763
1331	-2.2347570346880055
1332	-0.7194827165865542
1333	-1.9167243543192198
1335	-0.22409584538260707
1336	-0.4351875719805127
1337	-6.077691761616334
1339	-3.5494268048078297
1340	-1.976129211446698
1342	0.7046802884355103
1343	-0.18604752145714798
1345	-0.1882857821301216
1346	-1.9930633071909112
1347	-5.66482629534457
1348	-2.197114762725182
1349	-2.3445823832511925
1350	-2.5580745403934375
1351	-0.6846652654900829
1352	-0.5299737512092677
1353	-1.9046405097679076
1354	-2.1811098581341515
1355	0.24190773239507513
1356	-1.8139404482151527
1357	-0.6178753195761897
1358	-2.636447683625229
1360	-5.240235357333905
1362	-4.495217287319452
1363	-4.888279807737584
1364	-3.98640840943248
1365	-2.614219985116804
1366	-4.304666593042192
1367	-3.816036230809364
1368	-2.9102530671855718
1369	-0.7236375538441995
1371	-2.687622868330267
1372	-5.200822212862266
1373	-1.0354426541585584
1374	-2.8842717498092894
1375	0.4957545390212945
1376	-3.422257807331828
1377	0.030361691391874057
1378	-1.5052756983179032
1379	-1.5881612391166853
1380	-3.8829310724899058
1381	-4.476283885174444
1382	-1.180692353902303
1383	-4.7057775578405705
1384	-4.427479814502677
1385	-2.062750548648384
1386	-1.743628119479716
1387	-2.096866981978457
1388	-3.5653630814127073
1389	-1.367460648763243
1390	-2.211171371940245
1393	-6.316594059200771
1394	-1.8686634383734582
1395	-5.719124310523423
1396	-3.431387094247735
1397	-1.5971332876400222
1398	-2.5352639014156
1399	-0.6573794919868037
1401	-1.1432786705013074
1402	-1.112351025610544
1403	-2.7925571151860096
1404	-4.488009281190286
1405	-5.3767789373361605
1406	-3.0703210752003915
1407	-1.6058721103128129
1408	-2.345878048987963
1410	-2.016210299141669
1411	-1.8035455880688667
1413	-1.7610067922557318
1414	-4.578765987726505
1416	-4.159278025676444
1418	-1.544517561110709
1419	-2.8775651676350074
1420	-3.381282925711081
1421	-0.5098516861713513
1422	-0.3847680582184514
1423	-2.4727801717616944
1424	-5.657468450756006
1425	-1.4843830618140146
1426	-5.927672182406255
1427	-2.672247303562706
1428	-1.581008832959771
1429	-0.8532745510447954
1430	-4.738242825184489
1431	-2.636916955389797
1433	-0.6767094590806038
1434	-3.782044316607448
1435	-0.8237648039777079
1437	-2.469487509973769
1438	-1.0691740218771955
1439	-0.7122124672970274
1440	-1.355583554708437
1441	-5.639521750450176
1442	-2.2062348178791398
1443	-1.6164051307829619
1444	-4.174606663165472
1445	-0.5336431788355538
1446	-1.886589154250988
1447	-1.1455289516129121
1449	-0.6192427620373414
1450	-2.4305160536243005
1451	-0.6871451033215747
1452	-1.0556509174747772
1453	-1.4926559975249785
1454	-0.21708686650745035
1455	-1.269383702717844
1456	-0.9127749938179461
1457	-1.939946005584778
1458	-4.708416068034547
1459	-1.9666738054981043
1461	-4.886579628555429
1462	-2.188101445042051
1463	-1.461473531160655
1464	-1.9010313847359
1465	-5.865858412320492
1466	-5.561812541519089
1467	-0.2381323581527841
1469	-2.2435153847407703
1470	0.10673741508946932
1471	-0.7900840640313544
1472	-4.870051950843857
1473	-2.1088015197321024
1474	-1.1065750882503238
1475	-0.9529256575512801
1476	-1.252033276427725
1477	-4.368973288602664
1478	-1.8603041852676807
1479	-3.031116355990618
1480	-0.7014041002564055
1481	-3.584703645785697
1483	0.6272349258753247
1484	-2.1786388799091867
1485	-6.832331048213813
1486	-4.305246545963886
1488	-1.989236161722634
1489	-0.7031256564915358
1490	-2.318140654106156
1491	-5.341698601172857
1492	-4.71643645316216
1493	-1.0002485739935234
1494	-0.6694479966893683
1495	-2.3334775171343116
1496	0.24526625701529747
1497	-2.313533309669367
1498	-1.109794286596389
1499	-1.4754329476133978
1500	1.7778376908185292
1501	-2.1170430053442035
1502	-3.6127942395196686
1503	-2.131426919034528
1504	-1.5975300607871268
1505	-0.7568400339382566
1506	-3.714596978965513
1507	-5.576716969408735
1508	-7.895829816984332
1509	-4.209985836445558
1511	-2.4297308888136744
1513	-2.989723849718664
1514	-2.09604160982637
1515	-2.9904447453716143
1516	-1.0952153260954955
1517	-2.463322276227733
1518	-4.483012285417296
1519	-1.5376544723980625
1520	-3.9438843885054373
1521	-0.9186754661883909
1522	-0.2751526521271985
1524	-1.964986162686324
1525	-1.9191569990703352
1527	-3.9773388012196613
1528	-1.4273311897933776
1530	-2.535115280347553
1531	-2.4395733385561105
1532	-2.653042408537276
1533	-1.6397706117886937
1534	-0.7167654285033798
1535	-1.0460568560660808
1536	-5.448466779242294
1537	-1.351182456946435
1538	-3.0135027154292775
1539	-3.18249427789429
1540	-2.074098875266908
1541	-2.5266821884424044
1542	-0.8369662578008712
1543	-2.7330951239634174
1544	-2.8017442038019658
1545	-3.638026803341205
1546	-0.48666254594413494
1547	-2.2570727979087524
1549	-3.0392236657974836
1551	-1.5671170360266955
1552	-1.2452732587341038
1553	-4.9865223588526275
1554	-4.030115528136968
1555	-1.4079757402100208
1556	-5.286069267044036
1557	-6.345866486811424
1558	-1.23273677885775
1559	-1.188609549142648
1560	-2.3878666017523162
1562	-1.944560380337048
1563	-2.2491744523532087
1564	-0.3609572622685291
1565	-0.9673912293101106
1566	-3.824476300257632
1567	-1.7399403992901405
1568	-3.3035272881728517
1570	-2.548887644266549
1572	-0.7181269652792936
1573	-4.295341418845793
1574	-9.124596021305793
1575	-3.5975054255782233
1576	-3.0808416801261655
1577	-0.6529336418284183
1578	-2.7030686730529925
1579	-4.236385950727191
1580	-1.8427224467258627
1581	-0.6921612596543405
1582	-5.025469664558435
1583	-2.7693684159669463
1584	-5.108306182839212
1585	-0.2892746674563593
1586	-1.8643984801771725
1587	-2.187224559427026
1588	-0.526271134259471
1589	-2.2466901897538984
1590	-2.137709939782573
1591	-3.250092107908077
1592	-4.883434309565748
1593	-1.705266316330965
1594	-1.2901877135321784
1595	-1.3138815094422711
1596	-3.601055958067647
1597	-5.681824273023068
1599	-3.057131353167569
1600	-3.838378152573202
1601	-1.4631459928493875
1604	-1.6976153999737447
1605	-4.943828302550638
1606	-0.7104295555365473
1607	-2.025632110669386
1608	-2.2011699814486256
1613	-4.985216181467681
1614	-1.5614272106757754
1615	-2.9619476561756555
1616	-1.691165149132176
1617	-2.738156141801154
1618	-1.1106013195555509
1619	-6.054908187360008
1620	-4.735579733997266
1621	-4.854020200116787
1622	-6.223442437985204
1623	-3.1820365854073795
1624	-2.8938259323672977
1625	-2.5571441332379825
1626	-3.987539141432695
1627	-1.8927647082624022
1628	-2.592984586733042
1629	-0.8145482254689929
1630	-1.0069878868920554
1632	-4.3856554928507405
1633	-4.1005421508070885
1635	-4.039001485647565
1636	-1.108571745972654
1637	-2.1079930141664325
1638	-1.3485638561796411
1639	-3.6490080797256343
1640	-0.001663186698344532
1641	-4.572799884157006
1642	-0.8764076635738629
1643	-0.21257022651057356
1644	-1.4954984521409618
1646	-0.8435033392055468
1647	-4.7452203103423605
1648	-0.27753189354506247
1649	-3.5565105236235937
1650	-4.775297980671734
1652	-1.1448445835852148
1653	-6.152841763079729
1654	-1.6947718486659173
1655	0.17103183018977153
1656	-3.002092641441321
1657	-5.803234396770332
1658	-0.7340070730940358
1659	-1.6294043295256009
1660	-4.278192411342269
1661	-0.9501214535811722
1662	-4.757737552073636
1663	-1.592641953762488
1664	0.36131222192236334
1665	-2.2936449004968145
1666	-1.7057589558684603
1667	0.19137655703994416
1669	-4.808555464116726
1670	-2.4063757279686095
1671	-1.411269707146054
1672	-1.2637278522537096
1674	-1.4967675921534682
1675	-5.052383443334076
1676	0.3043932862183678
1677	-5.2247536355014645
1678	-1.4432705882312686
1679	-2.237463417911333
1680	-1.95638220252266
1682	-0.5823149664270859
1683	-1.8768376685781059
1684	0.22371160294006553
1685	-2.7729772815688536
1686	-3.448393971066064
1687	-0.4227397748093462
1688	-3.0192447607103503
1689	-2.542165010406629
1690	-2.863964591360417
1691	-0.817920307160086
1692	-5.149663350491722
1693	-3.9874364206480832
1694	-1.1507548077038516
1695	-1.2506502298403885
1696	-0.17232666657093432
1697	-4.259738770603272
1699	-0.7328472468667738
1700	-5.094077733602954
1701	-2.4762280950765274
1702	-1.9132612670073295
1703	-2.5740609411884767
1704	-5.861664226727523
1705	-2.8481817089431893
1706	-0.9800986727928445
1707	-0.5106727006171854
1708	-1.0373808091409766
1709	-5.744310324868945
1710	-2.807076460515386
1711	-4.098389642977263
1712	-2.7452563514143042
1715	-4.723329332874872
1717	-0.7232002792597896
1718	-1.3083123862847206
1719	-1.5015666884616998
1720	-1.3602015946353023
1721	-2.82947709332074
1722	-0.15981190515970045
1723	-4.474209756699356
1724	-1.5926525095536248
1725	-1.666219753831819
1726	-2.342941889169728
1727	-1.9886120944937913
1728	-0.42457671407094877
1729	-1.3110133417678815
1730	-1.8111912245297168
1732	-2.3280168919802753
1733	-1.5197147357438947
1734	-1.054527882127447
1736	-2.707918110228034
1737	-5.03324593807724
1740	-1.1344497019027684
1741	-3.1289286579117865
1742	-0.6244290288656051
1743	-4.438922425391138
1744	-4.320695512809306
1745	-6.181778166537255
1746	-1.811492332815137
1747	-1.0718642338878759
1748	-0.7501421402991364
1749	-2.537816440538378
1751	-2.2896030526556306
1752	-4.050272220418727
1753	-4.049047077249398
1754	-0.28965230019059285
1755	-3.227420677803839
1757	-2.1623938249866135
1759	-1.1517984406117106
1760	-1.581856382314302
1761	-4.735767887208935
1762	-1.317299135598604
1764	-2.2833650256613396
1765	-5.070369821114312
1766	-0.6015830729696623
1768	-3.226859191216514
1769	-1.580451953828651
1770	-2.6300404786078193
1771	-2.594965827232649
1772	-2.1589698656809304
1774	-2.077845009645131
1775	-3.92843611748198
1776	-3.441543837130804
1777	-0.48247135426139454
1778	-1.3150448423327208
1779	-2.2285240084204165
1780	-2.107969052747646
1781	-3.737803190358445
1782	-3.4617100500913693
1783	-1.3442432226264747
1784	-7.973224397302307
1785	-1.2559254129410635
1786	-0.3407445403344932
1787	-2.033531760995225
1788	-0.5991064964540498
1789	-2.8455820816131103
1790	-8.20311995414392
1791	-0.38931488482013576
1792	-1.7958253440506793
1793	-0.7633530927404106
1794	-1.1088367986584502
1795	-4.0897976713181965
1796	-1.273243373951458
1797	-3.126045055254586
1798	-1.99485253369518
1799	-2.735632781031482
1800	-3.7920573982303223
1801	-3.1282233954630643
1802	-5.228328674297131
1803	-0.6018536857453864
1804	-4.50603985012219
1805	1.5213349935566152
1806	-1.694702733698491
1807	-3.8956958588523376
1808	-3.2207028475084103
1809	-4.921799622442573
1810	-0.8082122825964575
1811	-1.8110998913563578
1813	-1.0752215869729658
1814	-1.363742900513306
1815	-4.06459038769351
1816	-1.9258308985973567
1817	-3.0853718328514264
1818	-1.004440823570339
1819	-0.9612242149274248
1820	-0.4220502658694957
1821	-0.7509567128984154
1822	-3.5108666213230313
1823	-2.5558382279477563
1824	-2.110015909286762
1825	-1.5788248961714915
1826	-0.7036991462620703
1827	-5.863045937440395
1828	-1.354574857919582
1829	-1.7928907576584068
1830	-2.946273712051489
1831	-2.9678518118138633
1832	-2.824533232972203
1833	-0.5954775486123569
1834	-1.6976104943450878
1835	-2.194595526525936
1836	-5.700587333603137
1838	-1.823159210072423
1839	-0.6620911571101047
1840	-3.077930118326088
1841	-3.819630936632118
1842	-1.5375573008345398
1844	-2.9285158836567904
1845	-2.304993045285686
1846	-1.3513975612401206
1847	-5.332228964474134
1848	2.128355619195092
1850	-7.06931347363041
1851	-1.1760369452487232
1852	-0.04516767741718486
1853	-5.765242408121713
1854	-3.036020182984781
1855	-5.0291469002122575
1856	-1.782059722014406
1857	0.47298179913102456
1858	-3.963271700922099
1859	-0.2356418842958259
1860	-3.0838862041234663
1861	-7.395832298655378
1862	1.0507041427663006
1863	-1.686482861588856
1864	-3.5432030954083884
1865	-0.5415393067112142
1866	-1.759810291703153
1867	-6.520586307247292
1868	-1.9348774844398782
1869	-3.9197097125219993
1871	-0.3868767936704397
1872	3.6616812499513207
1873	-1.67855724017397
1874	-3.3325517599777017
1875	-2.598158060967558
1877	-3.0850168131502462
1879	-4.085043903308922
1880	-1.5554769133919026
1881	-1.026505089964357
1882	-2.734303413816599
1883	-1.4954784022947119
1885	-1.2549925571183327
1887	-3.5540154362460132
1888	-4.160211409250056
1889	-3.3068723824471986
1890	-3.6084750967576023
1891	-3.0273823883955684
1892	-6.339452586597989
1894	-1.946029446605364
1895	-2.8884331513618857
1896	-3.661056498000565
1897	-0.6656205112355175
1898	-1.21075393066868
1899	-1.547742064853691
1900	-4.292960723640724
1902	-6.142181826723279
1903	-1.679351155732861
1904	-4.0579242036350305
1905	0.2650295892757416
1906	-1.2238837986867361
1907	-7.300563801596951
1908	-2.382751680811543
1909	-0.9832644130322354
1910	-1.8869114801982392
1911	-2.7084527432080243
1912	-1.811357000180314
1914	-7.649985863289122
1915	-1.9383972496697885
1917	-0.7187791557882348
1918	-5.057673914160116
1919	-2.4870862392820143
1920	-2.3207153137412417
1921	-6.982709683414471
1922	-1.3137562964254892
1923	-1.4902960941619088
1924	-1.7067126772606636
1925	-3.4414392201092103
1926	-3.420524459867674
1928	-5.451170535292726
1929	-5.871210750106824
1930	-2.259326591406867
1931	-1.8766748322488955
1933	-0.8165275183598539
1934	-5.969477226792479
1935	-8.405871913109742
1936	-1.6719192863069487
1937	-3.4866367311611546
1938	-5.4486392930155905
1939	-1.9887914583404263
1941	-1.3382620423289187
1942	-1.5587329061449207
1944	-2.3395629676009553
1946	0.3072500771028639
1947	-2.0651166326073787
1948	-0.4468404914901505
1949	-2.5229474293595935
1950	-5.838061935186133
1951	-3.2223231875345277
1952	-3.7267651446658494
1954	-1.419291381523032
1955	-0.6984980153115523
1956	-0.23367146169366593
1957	-0.17104197445930214
1958	-1.5644206930021383
1959	-3.8432611517991258
1961	-1.4307308832233618
1962	-3.7302328660538233
1963	-2.627440837115277
1964	-1.7255839083508515
1965	-4.948234746471701
1966	-1.3398039830144544
1968	-3.998445921117316
1969	-2.531897518650606
1971	-0.11873825043673958
1972	-1.8107713129046865
1973	-4.453786383976659
1974	-2.742637989996246
1975	-6.976812233630746
1976	-4.436906322389109
1977	-1.3826369872361317
1978	-2.0989880640003946
1979	-0.278093950993884
1980	-3.470212594670447
1981	-1.0713447719264837
1982	-2.3209602202255635
1983	-4.329297576716272
1984	-2.7194493105990922
1986	-1.2154619488790892
1987	-1.3854820860576547
1988	-1.5691350918586642
1989	-1.7015356175940128
1990	-3.1750449389220643
1991	-2.869066393755432
1992	-1.8703079905606244
1993	-4.509685052133635
1994	-1.720558870885838
1995	-2.8097832566468144
1996	-1.7835430847662466
1997	-4.664427472385318
1998	-4.30900332382549
1999	-1.6022143015982937
2000	-4.407362377065823
2001	-1.4832440819662758
2003	-3.9705506498006726
2004	-0.13572806482860644
2005	-3.881226566549028
2006	-4.352956393237733
2007	-3.7144771391892624
2008	-3.9910014213868843
2009	-0.9193232178191411
2010	-3.344319127524445
2011	-2.6258168015998065
2013	-2.3125041514313716
2014	-2.416898278526026
2015	-2.9132602204607547
2016	-1.1209686262775629
2017	-1.221707014256738
2018	-2.630203113000732
2019	-2.925849605913478
2020	-5.987186022706741
2021	-3.716336633945729
2022	-1.765330617439366
2023	-2.0495093732204395
2024	-0.9809033553591099
2025	-2.573615937096802
2027	-3.311932312302517
2028	-4.13827815483593
2029	-5.46483909838114
2030	-2.2731534097943755
2031	-1.5578170381160379
2032	-2.2967052724379746
2033	-2.522769073058953
2034	-3.0454388602108287
2035	-1.1612724724404935
2036	-3.456694575285919
2037	-1.2250523521103227
2038	-2.185643951931856
2039	-1.0358855753095242
2040	-4.443705511337247
2041	-0.7572995271329739
2042	-2.632635129053044
2043	0.10888157951601518
2044	-4.0400391673638785
2045	-1.829916686653012
2046	-1.298046709055956
2047	-2.0649590637437383
2048	-4.881827883589473
2051	-0.4529355716475023
2052	-2.5396386073937043
2053	-3.793368005522211
2054	-1.2521685114271786
2055	-4.560801876427247
2056	-3.8696616787239355
2057	-1.9581056321657098
2058	-0.4320522622965429
2059	-1.906710934892734
2060	-1.7251372012982635
2061	-1.3913946082023894
2062	-1.4750316173630555
2064	-3.454531396941681
2065	-2.4901221545378913
2066	-1.121662517418921
2067	-2.871180912812629
2068	-3.2226918478850486
2069	-1.1055185361404019
2070	-0.07630466080750153
2071	-1.5190069101267039
2072	-2.201104912438688
2075	-2.21472725596046
2076	-4.981472930086554
2077	-2.145260861401573
2078	-1.79110524467398
2079	-0.7995051393762607
2080	0.3160106989948188
2081	-4.023741769627835
2083	-1.8991289305136478
2084	-2.060616745554484
2086	-1.2808482138910018
2087	-2.3036868476244132
2088	-4.388044899076736
2090	-1.627838774408549
2091	-1.715143557658207
2092	0.33978000846172196
2093	-5.491617256001248
2094	-0.7742922601567465
2095	-2.7555006110601425
2096	-0.777327850897416
2097	-1.6570075524584482
2099	-2.2656247389644255
2100	-4.839622601929962
